[Graph\ Configuration]
Version=1
NrCurves=3
FFTNrCurves=0
Title=
XAxisLabel=Time / s
YAxisLabel=Current Position of axis1
Y2AxisLabel=Current Position of axis3
SameScaleXY=0
XAxisLinear=1
YAxisLinear=1
FFT=0
[Graph\ Configuration/Curve1]
CustomName=Current Position of axis1
XSliceArray=Current Position of axis1
XSliceName=Time
YSliceArray=Current Position of axis1
YSliceName=Current Position of axis1
[Graph\ Configuration/Curve1/style]
ColorRed=33
ColorGreen=67
ColorBlue=163
SolidPoint=1
LineType=100
PointSymbol=0
Width=2
Shown=1
Identify=1
Y2Axis=0
[Graph\ Configuration/Curve2]
CustomName=Target Position of axis1
XSliceArray=Current Position of axis1
XSliceName=Time
YSliceArray=Current Position of axis1
YSliceName=Target Position of axis1
[Graph\ Configuration/Curve2/style]
ColorRed=255
ColorGreen=154
ColorBlue=79
SolidPoint=1
LineType=100
PointSymbol=0
Width=2
Shown=1
Identify=1
Y2Axis=0
[Graph\ Configuration/Curve3]
CustomName=Current Position of axis3
XSliceArray=Current Position of axis1
XSliceName=Time
YSliceArray=Current Position of axis1
YSliceName=Current Position of axis3
[Graph\ Configuration/Curve3/style]
ColorRed=226
ColorGreen=0
ColorBlue=121
SolidPoint=1
LineType=100
PointSymbol=0
Width=2
Shown=1
Identify=1
Y2Axis=1
[GCS_ARRAY Current Position of axis1]
# VERSION = 1
# TYPE = 1
# SEPARATOR = 9
# DIM = 3
# SAMPLE_TIME = 5e-005
# NDATA = 3000
#
# NAME0 = Current Position of axis1
# NAME1 = Target Position of axis1
# NAME2 = Current Position of axis3
#
# END_HEADER
-0.002901	20	50.004921
-0.003494	20	50.003723
-0.002832	20	50.002525
-0.002813	20	50.001335
-0.003706	20	50.000168
-0.004354	20	49.998505
-0.006243	20	49.997925
-0.007689	20	49.998093
-0.00746	20	49.999176
-0.007038	20	50.001083
-0.005859	20	50.004288
-0.004957	20	50.007019
-0.004875	20	50.00898
-0.006147	20	50.009842
-0.008078	20	50.009727
-0.008493	20	50.009895
-0.007675	20	50.008781
-0.007645	20	50.007767
-0.007473	20	50.006477
-0.007322	20	50.004921
-0.00622	20	50.003601
-0.005146	20	50.001785
-0.004372	20	50.00013
-0.002451	20	49.999374
0.000164	20	49.998726
0.0016	20	49.997017
0.002493	20	49.996201
0.005238	20	49.993698
0.008127	20	49.993073
0.011576	20	49.992783
0.014145	20	49.992363
0.016527	20	49.99292
0.018702	20	49.994644
0.020525	20	49.994743
0.022003	20	49.993965
0.024767	20	49.992523
0.027296	20	49.991074
0.028948	20	49.990517
0.029894	20	49.990326
0.032188	20	49.99102
0.033922	20	49.989532
0.035316	20	49.987984
0.036421	20	49.988403
0.035728	20	49.989845
0.037247	20	49.991959
0.0397	20	49.992462
0.041237	20	49.99395
0.043449	20	49.995041
0.045383	20	49.995361
0.047346	20	49.997353
0.049067	20	49.997246
0.05127	20	49.998444
0.053425	20	49.999306
0.05706	20	50.000359
0.063313	20	50.000717
0.069565	20	50.000092
0.074083	20	49.998955
0.076813	20	49.998283
0.080999	20	49.997803
0.085714	20	49.998383
0.090881	20	49.998039
0.097683	20	49.998154
0.102856	20	49.997032
0.109072	20	49.997002
0.114712	20	49.998314
0.119875	20	49.999504
0.12491	20	49.999779
0.12989	20	49.999702
0.136148	20	50.000633
0.143248	20	50.001442
0.15152	20	50.001503
0.159286	20	50.001274
0.167156	20	50.002373
0.175364	20	50.003319
0.184156	20	50.003815
0.193182	20	50.004158
0.201878	20	50.003159
0.208805	20	50.001617
0.217514	20	49.999481
0.225927	20	49.997513
0.235826	20	49.997566
0.245718	20	49.998764
0.25618	20	50.000778
0.266617	20	50.002754
0.276312	20	50.003296
0.283348	20	50.00444
0.291142	20	50.004524
0.30036	20	50.004509
0.311388	20	50.003769
0.320728	20	50.00367
0.332436	20	50.004028
0.343372	20	50.004677
0.353945	20	50.005638
0.36425	20	50.005447
0.374783	20	50.004684
0.386351	20	50.00296
0.398293	20	50.000374
0.413746	20	49.995743
0.42778	20	49.993744
0.441189	20	49.993011
0.455748	20	49.993378
0.472395	20	49.994141
0.491051	20	49.995949
0.509644	20	49.997238
0.527554	20	49.997993
0.544426	20	49.999802
0.560638	20	50.001915
0.576254	20	50.003899
0.592527	20	50.005905
0.609198	20	50.00592
0.625599	20	50.005455
0.641611	20	50.005348
0.657473	20	50.004898
0.672869	20	50.004692
0.688726	20	50.004303
0.706797	20	50.003464
0.726057	20	50.003288
0.744598	20	50.002762
0.764032	20	50.002991
0.782175	20	50.003281
0.800631	20	50.005997
0.820032	20	50.008217
0.840275	20	50.010345
0.862421	20	50.012482
0.884306	20	50.013596
0.906279	20	50.013939
0.928585	20	50.013176
0.950205	20	50.011871
0.971449	20	50.010437
0.994534	20	50.010178
1.019125	20	50.010567
1.043884	20	50.010254
1.066381	20	50.010429
1.088606	20	50.008598
1.112833	20	50.007408
1.136868	20	50.007042
1.160688	20	50.006859
1.184149	20	50.006767
1.2069	20	50.008171
1.231625	20	50.009911
1.255377	20	50.011497
1.280825	20	50.011467
1.30764	20	50.013184
1.336542	20	50.014885
1.36478	20	50.017708
1.393679	20	50.019585
1.422285	20	50.019768
1.451979	20	50.019241
1.481865	20	50.018677
1.510422	20	50.017899
1.53932	20	50.017639
1.569107	20	50.016396
1.600494	20	50.014923
1.632225	20	50.012482
1.663614	20	50.010078
1.693998	20	50.007965
1.723646	20	50.006729
1.754303	20	50.003578
1.786911	20	50.002205
1.819347	20	50.001022
1.848907	20	49.997917
1.880539	20	49.9963
1.912405	20	49.993416
1.943529	20	49.991547
1.975185	20	49.990372
2.008358	20	49.991753
2.042904	20	49.994293
2.077106	20	49.99527
2.110699	20	49.995987
2.144871	20	49.994484
2.180212	20	49.995171
2.215906	20	49.995964
2.251463	20	49.9963
2.28635	20	49.99575
2.321692	20	49.994614
2.356316	20	49.993179
2.392183	20	49.99192
2.428333	20	49.992226
2.464252	20	49.993507
2.501642	20	49.99382
2.539749	20	49.993095
2.578413	20	49.992821
2.617359	20	49.993004
2.655472	20	49.994499
2.694534	20	49.995026
2.732708	20	49.995148
2.770693	20	49.994995
2.811382	20	49.995216
2.852518	20	49.998199
2.894907	20	50.001335
2.93812	20	50.003014
2.981552	20	50.003952
3.02519	20	50.003708
3.068481	20	50.003136
3.110638	20	50.002525
3.151674	20	50.000206
3.192333	20	49.999832
3.233334	20	49.99881
3.274342	20	49.997452
3.316105	20	49.996651
3.35866	20	49.995216
3.401011	20.049999	49.993896
3.444233	20.1	49.992554
3.487619	20.15	49.994476
3.532446	20.200001	49.996254
3.5784	20.25	49.99688
3.62335	20.299999	49.99855
3.669846	20.35	49.999802
3.715908	20.4	50.000725
3.76231	20.450001	50.002289
3.809015	20.5	50.002121
3.856348	20.549999	50.002487
3.90251	20.6	50.00209
3.948591	20.65	50.00148
3.995478	20.700001	50.001648
4.043779	20.75	50.002625
4.093231	20.799999	50.001915
4.140432	20.85	50.001694
4.187714	20.9	50.000671
4.234749	20.950001	49.998535
4.283546	21	49.995941
4.333633	21.049999	49.996155
4.383175	21.1	49.995667
4.433119	21.15	49.994698
4.483833	21.200001	49.993866
4.533203	21.25	49.994804
4.583344	21.299999	49.995491
4.632683	21.35	49.996231
4.682175	21.4	49.995987
4.731689	21.450001	49.996269
4.782244	21.5	49.996429
4.833591	21.549999	49.99575
4.885872	21.6	49.995468
4.937311	21.65	49.996635
4.988508	21.700001	49.999092
5.039482	21.75	50.001129
5.090889	21.799999	50.002045
5.144432	21.85	50.001526
5.197798	21.9	50.00116
5.251022	21.950001	50.000214
5.303041	22	49.998772
5.354193	22.049999	49.997452
5.406313	22.1	49.998375
5.45793	22.15	49.999763
5.512123	22.200001	50.001434
5.567806	22.25	50.003143
5.623196	22.299999	50.004326
5.677721	22.35	50.004837
5.732922	22.4	50.006348
5.786963	22.450001	50.006638
5.842365	22.5	50.006172
5.896713	22.549999	50.005264
5.951097	22.6	50.003532
6.006584	22.65	50.003555
6.061239	22.700001	50.004654
6.116291	22.75	50.005074
6.172026	22.799999	50.004227
6.228825	22.85	50.002724
6.285793	22.9	50.001633
6.342743	22.950001	50.000374
6.399397	23	50.001144
6.45623	23.049999	50.002373
6.514168	23.1	50.00209
6.572088	23.15	50.00206
6.63007	23.200001	50.001717
6.688662	23.25	50.000351
6.746666	23.299999	49.999916
6.80525	23.35	50.000114
6.863031	23.4	50.000656
6.920797	23.450001	50.001068
6.979589	23.5	50.000458
7.037462	23.549999	50.000267
7.095665	23.6	49.999947
7.154707	23.65	49.998627
7.214096	23.700001	49.998276
7.274332	23.75	50.00045
7.334291	23.799999	50.001205
7.393129	23.85	50.001442
7.452415	23.9	50.000771
7.511787	23.950001	50.000702
7.568316	24	50.001144
7.626511	24.049999	50.000542
7.685726	24.1	49.999588
7.744463	24.15	49.998474
7.802971	24.200001	49.998672
7.862251	24.25	49.999397
7.923351	24.299999	50.000412
7.98501	24.35	50.000092
8.048611	24.4	49.999023
8.1108	24.450001	49.997871
8.171192	24.5	49.996956
8.229898	24.549999	49.996086
8.289125	24.6	49.996124
8.349052	24.65	49.996231
8.407391	24.700001	49.998619
8.467037	24.75	50.000656
8.52824	24.799999	50.002159
8.588211	24.85	50.003418
8.650175	24.9	50.004402
8.712099	24.950001	50.004379
8.774302	25	50.004822
8.83527	25.049999	50.004845
8.896881	25.1	50.002792
8.958544	25.15	50.002747
9.020487	25.200001	50.001129
9.083429	25.25	50.000725
9.144627	25.299999	50.000412
9.203974	25.35	50.000671
9.264149	25.4	49.999008
9.323267	25.450001	49.99617
9.382547	25.5	49.992813
9.442467	25.549999	49.991219
9.502762	25.6	49.990776
9.56443	25.65	49.988739
9.62657	25.700001	49.98645
9.687454	25.75	49.984161
9.747799	25.799999	49.984085
9.809893	25.85	49.984169
9.873098	25.9	49.983429
9.935215	25.950001	49.982887
9.997293	26	49.984413
10.058661	26.049999	49.984169
10.119852	26.1	49.982483
10.180508	26.15	49.980865
10.241106	26.200001	49.978622
10.299696	26.25	49.976906
10.360031	26.299999	49.975861
10.421545	26.35	49.975189
10.48366	26.4	49.975159
10.545507	26.450001	49.974785
10.608141	26.5	49.97496
10.669401	26.549999	49.975899
10.731863	26.6	49.976151
10.794325	26.65	49.975563
10.856482	26.700001	49.975403
10.918491	26.75	49.974739
10.981274	26.799999	49.974083
11.044506	26.85	49.973579
11.10763	26.9	49.972939
11.170126	26.950001	49.97361
11.231869	27	49.974724
11.292723	27.049999	49.974037
11.353605	27.1	49.973816
11.413607	27.15	49.974678
11.472143	27.200001	49.9757
11.532391	27.25	49.975677
11.592672	27.299999	49.974319
11.65361	27.35	49.972641
11.713392	27.4	49.972092
11.773468	27.450001	49.971954
11.834415	27.5	49.972603
11.896158	27.549999	49.974876
11.957726	27.6	49.977325
12.021856	27.65	49.978462
12.086279	27.700001	49.978592
12.15062	27.75	49.977974
12.214167	27.799999	49.976654
12.276775	27.85	49.97596
12.339344	27.9	49.974861
12.400116	27.950001	49.973457
12.460564	28	49.972549
12.520931	28.049999	49.973457
12.582567	28.1	49.976059
12.643917	28.150002	49.978592
12.706026	28.200001	49.981232
12.768411	28.25	49.982224
12.829985	28.299999	49.982544
12.891274	28.35	49.981621
12.953803	28.400002	49.98214
13.016464	28.450001	49.983963
13.07769	28.5	49.985947
13.139561	28.549999	49.98745
13.20067	28.6	49.988518
13.262001	28.650002	49.989723
13.324015	28.700001	49.991142
13.386188	28.75	49.992744
13.448466	28.799999	49.994545
13.510691	28.85	49.99424
13.572846	28.900002	49.993309
13.634608	28.950001	49.993347
13.696357	29	49.993591
13.757768	29.049999	49.994461
13.818846	29.1	49.994278
13.880411	29.150002	49.994713
13.941896	29.200001	49.993423
14.005054	29.25	49.991966
14.068198	29.299999	49.990974
14.130113	29.35	49.989037
14.190495	29.400002	49.987495
14.250413	29.450001	49.986748
14.312373	29.5	49.987442
14.373355	29.549999	49.988731
14.436477	29.6	49.989769
14.500108	29.650002	49.991905
14.56477	29.700001	49.993683
14.628766	29.75	49.995094
14.6907	29.799999	49.995773
14.750248	29.85	49.996323
14.811107	29.900002	49.996719
14.871788	29.950001	49.997101
14.931738	30	49.997002
14.990463	30.049999	49.997543
15.05073	30.1	49.998085
15.112563	30.150002	49.998268
15.174836	30.200001	49.999176
15.237736	30.25	49.999695
15.298858	30.299999	50.000343
15.359425	30.35	50.001053
15.420853	30.400002	50.000504
15.482646	30.450001	50.000259
15.544353	30.5	49.999138
15.605616	30.549999	49.999146
15.666944	30.6	50.000389
15.72893	30.650002	50.002121
15.793197	30.700001	50.002518
15.857688	30.75	50.003441
15.922846	30.799999	50.004723
15.987215	30.85	50.004761
16.050774	30.900002	50.003998
16.113483	30.950001	50.0047
16.175135	31	50.004257
16.237209	31.049999	50.004074
16.298923	31.1	50.003044
16.361546	31.150002	50.002357
16.425035	31.200001	50.001457
16.487446	31.25	50.00061
16.550682	31.299999	50.001518
16.613668	31.35	50.003708
16.677395	31.400002	50.005547
16.740322	31.450001	50.005676
16.803699	31.5	50.003716
16.867077	31.549999	50.002167
16.931551	31.6	50.001015
16.995918	31.650002	50.000313
17.059734	31.700001	50.000259
17.122473	31.75	49.999496
17.183464	31.799999	49.998558
17.244041	31.85	49.999336
17.304596	31.900002	50.000824
17.364513	31.950001	50.001305
17.424232	32	50.00061
17.484592	32.049999	49.998001
17.545195	32.099998	49.996811
17.60471	32.150002	49.995689
17.665695	32.200001	49.995407
17.727306	32.25	49.994804
17.788519	32.299999	49.995239
17.84988	32.349998	49.998375
17.909853	32.400002	50.000938
17.970217	32.450001	50.002014
18.03112	32.5	50.000977
18.091061	32.549999	50.001884
18.150463	32.599998	50.00238
18.212055	32.650002	50.002609
18.274799	32.700001	50.001671
18.336866	32.75	50.001114
18.400906	32.799999	50.000938
18.464722	32.849998	50.000359
18.527584	32.900002	49.99929
18.591682	32.950001	49.996368
18.655674	33	49.993584
18.71867	33.049999	49.990593
18.783123	33.099998	49.987061
18.846676	33.150002	49.984764
18.909885	33.200001	49.981964
18.973301	33.25	49.980469
19.03616	33.299999	49.978859
19.097698	33.349998	49.97818
19.158619	33.400002	49.977844
19.218212	33.450001	49.97863
19.277473	33.5	49.979942
19.336393	33.549999	49.979042
19.395237	33.599998	49.979454
19.454788	33.650002	49.978088
19.515099	33.700001	49.97683
19.575216	33.75	49.975014
19.635794	33.799999	49.97448
19.695217	33.849998	49.973831
19.755615	33.900002	49.973228
19.815933	33.950001	49.973091
19.876944	34	49.972466
19.938175	34.049999	49.972084
19.999855	34.099998	49.97094
20.061878	34.150002	49.969261
20.123383	34.200001	49.9692
20.184574	34.25	49.970108
20.245457	34.299999	49.97139
20.305878	34.349998	49.973495
20.367138	34.400002	49.974899
20.429714	34.450001	49.975655
20.49371	34.5	49.977852
20.554985	34.549999	49.979149
20.615078	34.599998	49.979103
20.674372	34.650002	49.978729
20.731483	34.700001	49.979286
20.78961	34.75	49.980522
20.848125	34.799999	49.980911
20.907648	34.849998	49.981728
20.969967	34.900002	49.981598
21.030499	34.950001	49.983063
21.090122	35	49.985268
21.148746	35.049999	49.985901
21.208141	35.099998	49.987152
21.267279	35.150002	49.988571
21.327509	35.200001	49.990379
21.388203	35.25	49.990974
21.449614	35.299999	49.993484
21.512367	35.349998	49.994476
21.573011	35.400002	49.994484
21.633366	35.450001	49.994545
21.69442	35.5	49.993912
21.755695	35.549999	49.992958
21.817043	35.599998	49.992432
21.878069	35.650002	49.991402
21.939049	35.700001	49.990417
21.999359	35.75	49.989777
22.060091	35.799999	49.991577
22.120159	35.849998	49.993378
22.177837	35.900002	49.994987
22.236364	35.950001	49.994942
22.294926	36	49.994034
22.355293	36.050003	49.992172
22.415661	36.099998	49.991936
22.476778	36.150002	49.993042
22.536764	36.200001	49.994263
22.596104	36.25	49.996033
22.654797	36.300003	49.997589
22.713921	36.349998	49.998192
22.774845	36.400002	49.999123
22.837017	36.450001	49.99852
22.899261	36.5	49.998955
22.961254	36.550003	50.000351
23.022429	36.599998	50.001297
23.082558	36.650002	50.002609
23.143269	36.700001	50.003906
23.202446	36.75	50.005386
23.261003	36.800003	50.007858
23.320042	36.849998	50.009644
23.38092	36.900002	50.011185
23.442955	36.950001	50.0131
23.504145	37	50.014175
23.565224	37.050003	50.015846
23.625847	37.099998	50.016907
23.687214	37.150002	50.018372
23.747353	37.200001	50.018089
23.807293	37.25	50.016251
23.866076	37.300003	50.014107
23.925665	37.349998	50.010963
23.983829	37.400002	50.006783
24.042418	37.450001	50.00473
24.100473	37.5	50.002579
24.158741	37.550003	50.001884
24.216118	37.599998	50.002281
24.272264	37.650002	50.002907
24.329693	37.700001	50.002419
24.387407	37.75	50.001404
24.445461	37.800003	50.001099
24.502687	37.849998	50.00016
24.560432	37.900002	49.998703
24.618956	37.950001	49.997253
24.679886	38	49.994003
24.740932	38.050003	49.990051
24.803288	38.099998	49.987511
24.864511	38.150002	49.986877
24.92609	38.200001	49.986496
24.986	38.25	49.988525
25.046608	38.300003	49.991249
25.107462	38.349998	49.993027
25.168045	38.400002	49.994469
25.227486	38.450001	49.994705
25.285892	38.5	49.993309
25.344482	38.550003	49.99231
25.406176	38.599998	49.992256
25.467924	38.650002	49.992119
25.528486	38.700001	49.992523
25.589405	38.75	49.993149
25.651907	38.800003	49.993118
25.714689	38.849998	49.991081
25.775232	38.900002	49.987732
25.832989	38.950001	49.985893
25.891905	39	49.985596
25.951904	39.050003	49.985748
26.011049	39.099998	49.985718
26.070633	39.150002	49.985657
26.129126	39.200001	49.986473
26.187241	39.25	49.986855
26.245867	39.300003	49.989174
26.305285	39.349998	49.990036
26.365345	39.400002	49.990921
26.424778	39.450001	49.990425
26.48559	39.5	49.990456
26.545961	39.550003	49.990143
26.604568	39.599998	49.989288
26.664452	39.650002	49.987808
26.725016	39.700001	49.986046
26.784809	39.75	49.985176
26.844978	39.800003	49.98349
26.903038	39.849998	49.981781
26.961912	39.900002	49.979965
27.020781	39.950001	49.979729
27.079081	40	49.980522
27.136719	40.050003	49.980209
27.194592	40.099998	49.980965
27.252325	40.150002	49.980812
27.308935	40.200001	49.981262
27.365837	40.25	49.981575
27.421938	40.300003	49.981705
27.477732	40.349998	49.981705
27.534164	40.400002	49.982391
27.589874	40.450001	49.982941
27.64673	40.5	49.983002
27.705051	40.550003	49.98571
27.763216	40.599998	49.987366
27.82086	40.650002	49.988937
27.879343	40.700001	49.989517
27.939159	40.75	49.988564
27.997772	40.800003	49.988297
28.055607	40.849998	49.988434
28.113247	40.900002	49.988014
28.171108	40.950001	49.98716
28.230839	41	49.98616
28.29039	41.050003	49.986778
28.349684	41.099998	49.986229
28.410288	41.150002	49.986542
28.470505	41.200001	49.986206
28.530842	41.25	49.98555
28.590014	41.300003	49.985039
28.647894	41.349998	49.983528
28.705002	41.400002	49.980988
28.759733	41.450001	49.979752
28.816521	41.5	49.97953
28.873907	41.550003	49.979172
28.932772	41.599998	49.979057
28.992706	41.650002	49.978874
29.053331	41.700001	49.979004
29.111633	41.75	49.978584
29.169413	41.800003	49.976372
29.226385	41.849998	49.976189
29.283125	41.900002	49.97757
29.33947	41.950001	49.978256
29.395884	42	49.979584
29.453068	42.050003	49.980774
29.511648	42.099998	49.984436
29.570255	42.150002	49.987419
29.627802	42.200001	49.98777
29.685524	42.25	49.987679
29.743422	42.300003	49.987312
29.801315	42.349998	49.986748
29.861418	42.400002	49.987305
29.920824	42.450001	49.988861
29.97748	42.5	49.990379
30.034649	42.550003	49.992287
30.091951	42.599998	49.99456
30.150028	42.650002	49.99762
30.208431	42.700001	50.001854
30.268023	42.75	50.004463
30.328234	42.800003	50.005836
30.387613	42.849998	50.007774
30.445248	42.900002	50.010147
30.500729	42.950001	50.011307
30.556568	43	50.01149
30.611694	43.050003	50.009789
30.667456	43.099998	50.008766
30.721891	43.150002	50.007057
30.776379	43.200001	50.006302
30.831806	43.25	50.005112
30.887707	43.300003	50.003677
30.943832	43.349998	50.001022
30.999439	43.400002	49.998482
31.056324	43.450001	49.99678
31.114016	43.5	49.996887
31.171318	43.550003	49.997017
31.228214	43.599998	49.996323
31.285862	43.650002	49.995239
31.343521	43.700001	49.994804
31.401573	43.75	49.995232
31.459347	43.800003	49.99736
31.51763	43.849998	49.997292
31.576628	43.900002	49.998512
31.634949	43.950001	50.000633
31.693169	44	50.001259
31.75001	44.050003	50.002464
31.806757	44.099998	50.005501
31.863176	44.150002	50.008873
31.919298	44.200001	50.010818
31.976597	44.25	50.012733
32.033485	44.300003	50.012688
32.090431	44.349998	50.010857
32.148289	44.400002	50.010132
32.203491	44.450001	50.008949
32.259773	44.5	50.00721
32.316483	44.550003	50.005775
32.37402	44.599998	50.004555
32.431564	44.650002	50.002586
32.489899	44.700001	50.001572
32.548134	44.75	50.002327
32.605465	44.800003	50.002487
32.663662	44.849998	50.00119
32.722588	44.900002	49.999847
32.780327	44.950001	49.99823
32.838287	45	49.997665
32.895729	45.050003	49.997231
32.954132	45.099998	49.997093
33.010902	45.150002	49.996964
33.066578	45.200001	49.996986
33.12149	45.25	49.996544
33.175911	45.300003	49.997154
33.230457	45.349998	49.997116
33.287167	45.400002	49.995346
33.343964	45.450001	49.992195
33.401676	45.5	49.989563
33.457726	45.550003	49.989288
33.512665	45.599998	49.991447
33.568012	45.650002	49.994499
33.623455	45.700001	49.997047
33.678291	45.75	49.998581
33.73465	45.800003	49.999763
33.791306	45.849998	50.000626
33.847717	45.900002	50.000694
33.903564	45.950001	49.998993
33.959141	46	49.997688
34.015266	46.050003	49.995285
34.070652	46.099998	49.99263
34.127102	46.150002	49.990227
34.183479	46.200001	49.989716
34.240765	46.25	49.990005
34.296631	46.300003	49.990799
34.353779	46.349998	49.99292
34.41045	46.400002	49.995071
34.467831	46.450001	49.996666
34.52504	46.5	49.998009
34.58242	46.550003	49.997871
34.638405	46.599998	49.996971
34.695198	46.650002	49.997093
34.752129	46.700001	49.995613
34.809975	46.75	49.994415
34.868267	46.800003	49.99334
34.925888	46.849998	49.991661
34.984051	46.900002	49.988716
35.040131	46.950001	49.986534
35.095634	47	49.986137
35.152103	47.050003	49.985954
35.210938	47.099998	49.987633
35.269295	47.150002	49.988029
35.329239	47.200001	49.9888
35.388405	47.25	49.989738
35.444111	47.300003	49.990776
35.497799	47.349998	49.990952
35.551388	47.400002	49.991516
35.605415	47.450001	49.99231
35.661552	47.5	49.994698
35.716454	47.550003	49.995583
35.771015	47.599998	49.997025
35.825962	47.650002	49.997734
35.881386	47.700001	49.996956
35.936306	47.75	49.995514
35.99155	47.800003	49.995346
36.04623	47.849998	49.994186
36.101028	47.900002	49.993416
36.154835	47.950001	49.992096
36.209206	48	49.990623
36.264111	48.050003	49.989807
36.319817	48.099998	49.988968
36.376232	48.150002	49.989273
36.431252	48.200001	49.990456
36.486889	48.25	49.991592
36.544239	48.300003	49.99276
36.59877	48.349998	49.99321
36.653286	48.400002	49.992744
36.708004	48.450001	49.991837
36.763344	48.5	49.99189
36.819691	48.550003	49.992996
36.874443	48.599998	49.994789
36.929745	48.650002	49.99575
36.985672	48.700001	49.995506
37.042385	48.75	49.994217
37.099236	48.800003	49.994102
37.155464	48.849998	49.994766
37.209431	48.900002	49.995872
37.264641	48.950001	49.997849
37.320503	49	49.998352
37.375706	49.050003	49.999542
37.43269	49.099998	50.000511
37.489822	49.150002	50.001663
37.547314	49.200001	50.002625
37.603985	49.25	50.004082
37.658958	49.300003	50.004379
37.712803	49.349998	50.005684
37.765327	49.400002	50.007645
37.818729	49.450001	50.007774
37.873169	49.5	50.007065
37.928822	49.550003	50.006157
37.983589	49.599998	50.005455
38.038433	49.650002	50.003922
38.092339	49.700001	50.003365
38.144825	49.75	50.00412
38.19907	49.800003	50.004875
38.253601	49.849998	50.004852
38.308876	49.900002	50.006187
38.364986	49.950001	50.006592
38.421349	50	50.006668
38.477081	50.050003	50.00708
38.532578	50.099998	50.007813
38.58754	50.150002	50.008217
38.641754	50.200001	50.008034
38.695755	50.25	50.009186
38.748386	50.300003	50.010254
38.800808	50.349998	50.010246
38.853806	50.400002	50.00856
38.908722	50.450001	50.006729
38.966282	50.5	50.005775
39.022827	50.550003	50.004417
39.077812	50.599998	50.005249
39.131031	50.650002	50.005173
39.185226	50.700001	50.004417
39.238907	50.75	50.004425
39.291893	50.800003	50.005638
39.343979	50.849998	50.00647
39.396858	50.900002	50.006409
39.450661	50.950001	50.005135
39.504539	51	50.003532
39.558132	51.050003	50.001663
39.612617	51.099998	50.000313
39.667156	51.150002	49.999634
39.721996	51.200001	49.999474
39.777142	51.25	49.999969
39.833847	51.300003	49.999092
39.891079	51.349998	49.99662
39.948227	51.400002	49.994484
40.003216	51.450001	49.993843
40.056938	51.5	49.993279
40.110245	51.550003	49.993301
40.165493	51.599998	49.993088
40.220936	51.650002	49.991959
40.276752	51.700001	49.992638
40.331413	51.75	49.993484
40.385944	51.800003	49.995255
40.439274	51.849998	49.998039
40.492016	51.900002	49.999245
40.545036	51.950001	50.000847
40.597626	52	50.001495
40.651291	52.049999	50.002472
40.706924	52.100002	50.0028
40.762287	52.150002	50.004303
40.817005	52.200001	50.00444
40.870804	52.25	50.00383
40.926254	52.299999	50.002907
40.97945	52.350002	50.000359
41.032547	52.400002	49.99781
41.083839	52.450001	49.99585
41.135857	52.5	49.994576
41.189133	52.549999	49.994614
41.243652	52.600002	49.995209
41.300007	52.650002	49.995728
41.357719	52.700001	49.995667
41.415321	52.75	49.995743
41.471107	52.799999	49.997154
41.526131	52.850002	49.999245
41.581257	52.900002	49.999428
41.635548	52.950001	49.999496
41.691429	53	50.000038
41.747208	53.049999	49.999275
41.803238	53.100002	49.998352
41.86113	53.150002	49.996338
41.919235	53.200001	49.994324
41.975792	53.25	49.991547
42.031353	53.299999	49.989082
42.086678	53.350002	49.986534
42.139053	53.400002	49.98494
42.192375	53.450001	49.982796
42.245728	53.5	49.980301
42.299412	53.549999	49.979385
42.353283	53.600002	49.977989
42.408569	53.650002	49.97879
42.462616	53.700001	49.979797
42.515602	53.75	49.980835
42.570045	53.799999	49.981377
42.625538	53.850002	49.982132
42.680626	53.900002	49.983879
42.734245	53.950001	49.983345
42.788036	54	49.983078
42.841175	54.049999	49.982895
42.893753	54.100002	49.981667
42.946003	54.150002	49.981056
42.997368	54.200001	49.981339
43.050056	54.25	49.984444
43.104919	54.299999	49.987785
43.160175	54.350002	49.989174
43.213932	54.400002	49.987823
43.26778	54.450001	49.987076
43.323219	54.5	49.98687
43.378517	54.549999	49.985374
43.433182	54.600002	49.983078
43.488281	54.650002	49.981705
43.542244	54.700001	49.981476
43.597214	54.75	49.982674
43.651878	54.799999	49.983299
43.706406	54.850002	49.98481
43.760437	54.900002	49.986618
43.812622	54.950001	49.98748
43.86385	55	49.989197
43.91523	55.049999	49.991371
43.967415	55.100002	49.991959
44.021343	55.150002	49.992058
44.074921	55.200001	49.992973
44.129303	55.25	49.993111
44.183392	55.299999	49.992928
44.237743	55.350002	49.992165
44.29174	55.400002	49.991592
44.346645	55.450001	49.989044
44.39999	55.5	49.986023
44.45348	55.549999	49.984108
44.507038	55.600002	49.982613
44.561409	55.650002	49.981194
44.614891	55.700001	49.982925
44.667984	55.75	49.985832
44.720837	55.799999	49.988434
44.774704	55.850002	49.989243
44.828964	55.900002	49.989616
44.883068	55.950001	49.990036
44.937237	56	49.991203
44.992165	56.049999	49.992409
45.046566	56.100002	49.993416
45.09903	56.150002	49.995445
45.151516	56.200001	49.998207
45.204872	56.25	50.001083
45.258568	56.299999	50.004234
45.313828	56.350002	50.006378
45.367161	56.400002	50.005493
45.419769	56.450001	50.004417
45.472	56.5	50.003242
45.524689	56.549999	50.002571
45.57835	56.600002	50.000717
45.631264	56.650002	50.000565
45.684334	56.700001	50.002151
45.736778	56.75	50.002007
45.787971	56.799999	50.001503
45.840843	56.850002	50.000816
45.894051	56.900002	49.999802
45.947113	56.950001	49.999542
45.999435	57	49.998894
46.051521	57.049999	49.998207
46.102936	57.100002	49.998695
46.15432	57.150002	49.998528
46.207016	57.200001	49.998138
46.260372	57.25	49.998138
46.313599	57.299999	49.997826
46.36721	57.350002	49.997261
46.419907	57.400002	49.996414
46.471497	57.450001	49.997047
46.523811	57.5	49.998672
46.575485	57.549999	49.999046
46.628647	57.600002	49.997284
46.681633	57.650002	49.995872
46.735352	57.700001	49.995354
46.789913	57.75	49.996223
46.843132	57.799999	49.997375
46.896347	57.850002	49.997993
46.948433	57.900002	49.998772
47.001659	57.950001	49.998291
47.053627	58	49.996086
47.104401	58.049999	49.995377
47.1558	58.100002	49.995979
47.208023	58.150002	49.997246
47.260624	58.200001	49.99678
47.313843	58.25	49.995453
47.366856	58.299999	49.994423
47.419861	58.350002	49.994934
47.472534	58.400002	49.996902
47.525627	58.450001	49.997971
47.579529	58.5	50.000557
47.633194	58.549999	50.003754
47.686054	58.600002	50.00602
47.738728	58.650002	50.007141
47.792202	58.700001	50.007629
47.847092	58.75	50.008736
47.900837	58.799999	50.008568
47.954235	58.850002	50.007904
48.006634	58.900002	50.00502
48.059509	58.950001	50.001289
48.11203	59	49.99781
48.16497	59.049999	49.995758
48.217453	59.100002	49.994911
48.269478	59.150002	49.995026
48.321178	59.200001	49.995178
48.37323	59.25	49.996674
48.425121	59.299999	49.997543
48.476486	59.350002	49.998611
48.527195	59.400002	50.000206
48.577484	59.450001	50.000298
48.628441	59.5	49.999603
48.678978	59.549999	50.000519
48.729752	59.600002	50.00145
48.781281	59.650002	50.002014
48.835129	59.700001	50.002487
48.88913	59.75	50.004509
48.942635	59.799999	50.007011
48.995888	59.850002	50.009277
49.048664	59.900002	50.011765
49.102535	59.950001	50.012756
49.155384	60	50.011673
49.20853	60.049999	50.010071
49.263489	60.100002	50.006027
49.317368	60.150002	50.001518
49.371048	60.200001	49.99678
49.425018	60.25	49.993889
49.477402	60.299999	49.99231
49.52935	60.350002	49.9916
49.582321	60.400002	49.991585
49.635471	60.450001	49.99028
49.688377	60.5	49.987762
49.740765	60.549999	49.987244
49.793892	60.600002	49.987038
49.847527	60.650002	49.988388
49.900387	60.700001	49.98925
49.955063	60.75	49.990547
50.010124	60.799999	49.991837
50.064816	60.850002	49.992928
50.120415	60.900002	49.993805
50.175529	60.950001	49.994865
50.230587	61	49.996605
50.2855	61.049999	49.998337
50.339729	61.100002	50.000519
50.391052	61.150002	50.003326
50.443024	61.200001	50.003975
50.495087	61.25	50.005455
50.545555	61.299999	50.005974
50.595642	61.350002	50.005211
50.64616	61.400002	50.00412
50.696659	61.450001	50.00312
50.748486	61.5	50.003754
50.798908	61.549999	50.004509
50.850899	61.600002	50.003601
50.903755	61.650002	50.002319
50.95713	61.700001	50.000443
51.009918	61.75	49.997955
51.0625	61.799999	49.996155
51.114799	61.850002	49.995537
51.167	61.900002	49.995934
51.217606	61.950001	49.996834
51.267815	62	49.997612
51.318729	62.049999	49.997231
51.370319	62.100002	49.996223
51.423645	62.150002	49.995468
51.477829	62.200001	49.994247
51.531281	62.25	49.992538
51.585251	62.299999	49.991417
51.639534	62.350002	49.991272
51.693291	62.400002	49.992859
51.747055	62.450001	49.993843
51.800697	62.5	49.994148
51.855591	62.549999	49.993965
51.909111	62.600002	49.994667
51.96167	62.650002	49.995033
52.014568	62.700001	49.994194
52.066658	62.75	49.993057
52.118019	62.799999	49.992767
52.16832	62.850002	49.992599
52.220032	62.900002	49.993401
52.272484	62.950001	49.993774
52.32444	63	49.994125
52.376274	63.049999	49.994949
52.428417	63.100002	49.995087
52.479046	63.150002	49.993805
52.530289	63.200001	49.992073
52.581352	63.25	49.990364
52.630882	63.299999	49.988892
52.679722	63.350002	49.9888
52.730995	63.400002	49.990936
52.781666	63.450001	49.992683
52.83181	63.5	49.994926
52.884663	63.549999	49.996773
52.93763	63.600002	49.99894
52.990547	63.650002	50.002434
53.042969	63.700001	50.00531
53.09478	63.75	50.007698
53.147167	63.799999	50.008049
53.198734	63.850002	50.006622
53.251457	63.900002	50.004745
53.304943	63.950001	50.003761
53.357407	64	50.003929
53.40889	64.050003	50.003815
53.459011	64.100006	50.002823
53.50882	64.150002	50.002579
53.558929	64.199997	50.002609
53.610424	64.25	50.003006
53.662834	64.300003	50.002441
53.715237	64.350006	50.001495
53.767014	64.400002	50.000717
53.81739	64.449997	50.000702
53.868713	64.5	50.000885
53.920029	64.550003	50.000595
53.970001	64.600006	49.999336
54.021118	64.650002	49.997345
54.072258	64.699997	49.995728
54.123516	64.75	49.994995
54.17498	64.800003	49.994598
54.22863	64.850006	49.99353
54.281631	64.900002	49.991623
54.335056	64.949997	49.990433
54.388332	65	49.990303
54.440304	65.050003	49.991165
54.489899	65.100006	49.990845
54.540085	65.150002	49.989853
54.591156	65.199997	49.990082
54.643776	65.25	49.989861
54.697372	65.300003	49.990242
54.750046	65.350006	49.990662
54.802948	65.400002	49.990974
54.855656	65.449997	49.989899
54.908546	65.5	49.991302
54.961029	65.550003	49.991867
55.013985	65.600006	49.991646
55.065681	65.650002	49.990891
55.115601	65.699997	49.989082
55.164932	65.75	49.98848
55.213547	65.800003	49.988136
55.263779	65.850006	49.988091
55.316063	65.900002	49.989952
55.369339	65.949997	49.993294
55.422997	66	49.995644
55.476913	66.050003	49.998535
55.529457	66.100006	50.000076
55.582767	66.150002	50.000694
55.636215	66.199997	50.000641
55.688599	66.25	50.000969
55.742908	66.300003	50.001411
55.797356	66.350006	50.00164
55.851788	66.400002	50.001633
55.904953	66.449997	50.001595
55.957283	66.5	50.000465
56.009029	66.550003	49.999474
56.061707	66.600006	49.99881
56.113121	66.650002	49.998421
56.163288	66.699997	49.998329
56.214211	66.75	49.997108
56.265488	66.800003	49.994904
56.316814	66.850006	49.992401
56.367973	66.900002	49.990875
56.417549	66.949997	49.991028
56.467316	67	49.990784
56.51902	67.050003	49.989738
56.57196	67.100006	49.987923
56.623184	67.150002	49.987404
56.672798	67.199997	49.987625
56.723621	67.25	49.9888
56.774986	67.300003	49.990265
56.827034	67.350006	49.991508
56.879211	67.400002	49.990997
56.93042	67.449997	49.99173
56.983242	67.5	49.99424
57.034855	67.550003	49.995972
57.086094	67.600006	49.996216
57.13707	67.650002	49.996605
57.18885	67.699997	49.998047
57.240082	67.75	49.998177
57.290558	67.800003	49.998001
57.342377	67.850006	49.998177
57.395081	67.900002	49.996063
57.448586	67.949997	49.993484
57.501862	68	49.991371
57.554176	68.050003	49.991318
57.605022	68.100006	49.993568
57.657261	68.150002	49.996056
57.710808	68.199997	49.99794
57.763573	68.25	49.999985
57.815704	68.300003	50.000771
57.868431	68.350006	49.999557
57.920338	68.400002	49.998505
57.973145	68.449997	49.997467
58.025146	68.5	49.997269
58.075638	68.550003	49.997467
58.127708	68.600006	49.99881
58.178101	68.650002	49.998085
58.228378	68.699997	49.99894
58.2789	68.75	49.999031
58.33181	68.800003	49.997314
58.382813	68.850006	49.995422
58.432896	68.900002	49.994789
58.48201	68.949997	49.995422
58.530022	69	49.998108
58.581833	69.050003	50.000488
58.635738	69.100006	50.002014
58.689705	69.150002	50.002281
58.744026	69.199997	50.002144
58.79768	69.25	50.002716
58.851421	69.300003	50.001434
58.906204	69.350006	50.000511
58.961033	69.400002	49.999168
59.01445	69.449997	49.998337
59.067875	69.5	49.99852
59.120811	69.550003	49.998795
59.171928	69.600006	49.999229
59.222202	69.650002	49.997864
59.270603	69.699997	49.996605
59.319	69.75	49.996925
59.367626	69.800003	49.997108
59.41568	69.850006	49.996391
59.464981	69.900002	49.995544
59.515953	69.949997	49.994904
59.566185	70	49.993576
59.617081	70.050003	49.991661
59.667557	70.100006	49.990898
59.719063	70.150002	49.991447
59.770473	70.199997	49.992172
59.821198	70.25	49.991165
59.8713	70.300003	49.991989
59.92215	70.350006	49.991745
59.974129	70.400002	49.992424
60.024872	70.449997	49.9925
60.076336	70.5	49.990883
60.128616	70.550003	49.989388
60.182148	70.600006	49.989288
60.236984	70.650002	49.988869
60.290028	70.699997	49.989815
60.340149	70.75	49.989189
60.390388	70.800003	49.988358
60.44194	70.850006	49.989182
60.492752	70.900002	49.990311
60.541664	70.949997	49.990654
60.590862	71	49.990456
60.64032	71.050003	49.991203
60.690247	71.100006	49.991356
60.739952	71.150002	49.991943
60.791	71.199997	49.995049
60.841644	71.25	49.997833
60.892891	71.300003	49.999146
60.944366	71.350006	49.996742
60.995033	71.400002	49.994904
61.048088	71.449997	49.993423
61.101677	71.5	49.992317
61.154526	71.550003	49.992882
61.206841	71.600006	49.994217
61.257957	71.650002	49.996208
61.308708	71.699997	49.997513
61.360352	71.75	49.998016
61.413048	71.800003	49.998985
61.464127	71.850006	49.999756
61.514015	71.900002	50.001862
61.562325	71.949997	50.003563
61.611961	72	50.003288
61.661003	72.050003	50.003006
61.709854	72.100006	50.002144
61.760796	72.150002	50.001968
61.812347	72.199997	50.003159
61.863663	72.25	50.004311
61.914688	72.300003	50.003754
61.964828	72.350006	50.00312
62.015533	72.400002	50.002235
62.066307	72.449997	50.002319
62.118279	72.5	50.003616
62.170593	72.550003	50.005623
62.222572	72.600006	50.005844
62.275398	72.650002	50.004982
62.328178	72.699997	50.005875
62.381386	72.75	50.007866
62.433098	72.800003	50.009979
62.484962	72.850006	50.010994
62.536598	72.900002	50.010483
62.588264	72.949997	50.010506
62.640388	73	50.008659
62.693642	73.050003	50.006264
62.747292	73.100006	50.005356
62.800026	73.150002	50.003929
62.850761	73.199997	50.001976
62.900856	73.25	50.003075
62.951569	73.300003	50.00563
63.001884	73.350006	50.008507
63.051865	73.400002	50.010864
63.101501	73.449997	50.01162
63.152367	73.5	50.010857
63.202286	73.550003	50.009842
63.251701	73.600006	50.008453
63.301476	73.650002	50.006058
63.351006	73.699997	50.003014
63.400955	73.75	50.001175
63.452728	73.800003	50.001251
63.50428	73.850006	50.002342
63.556541	73.900002	50.001862
63.6082	73.949997	50.001831
63.659058	74	50.002632
63.710594	74.050003	50.003571
63.762512	74.100006	50.004684
63.815353	74.150002	50.005157
63.868683	74.199997	50.004913
63.92205	74.25	50.004066
63.97435	74.300003	50.002037
64.025642	74.350006	50.000839
64.078041	74.400002	50.000107
64.128876	74.449997	49.997871
64.178749	74.5	49.996887
64.227882	74.550003	49.996696
64.278397	74.600006	49.998093
64.330261	74.650002	49.999176
64.382896	74.699997	49.999619
64.434792	74.75	49.999237
64.486115	74.800003	49.998482
64.537941	74.850006	49.998535
64.589203	74.900002	49.998978
64.638374	74.949997	49.99942
64.688034	75	50.002441
64.739616	75.050003	50.004555
64.792145	75.100006	50.004784
64.845024	75.150002	50.004028
64.897644	75.199997	50.002373
64.951584	75.25	49.999649
65.004128	75.300003	49.996216
65.055527	75.350006	49.994499
65.1073	75.400002	49.993729
65.159958	75.449997	49.991745
65.211082	75.5	49.990707
65.261795	75.550003	49.990685
65.313431	75.600006	49.98922
65.365662	75.650002	49.988243
65.419807	75.699997	49.986603
65.472641	75.75	49.987289
65.525253	75.800003	49.988106
65.577614	75.850006	49.987457
65.62822	75.900002	49.987923
65.678986	75.949997	49.989822
65.729652	76	49.991493
65.779907	76.050003	49.99353
65.831108	76.100006	49.996506
65.881981	76.150002	49.999092
65.932106	76.199997	49.9991
65.981819	76.25	50.000793
66.032272	76.300003	50.001991
66.082741	76.350006	50.002563
66.134071	76.400002	50.002907
66.184631	76.449997	50.002937
66.234924	76.5	50.00193
66.285271	76.550003	50.001312
66.335014	76.600006	49.999512
66.384529	76.650002	49.999733
66.435707	76.699997	49.999657
66.486336	76.75	49.998886
66.537384	76.800003	49.998932
66.588043	76.850006	49.998207
66.63768	76.900002	49.996277
66.688278	76.949997	49.993866
66.738174	77	49.99324
66.787422	77.050003	49.991829
66.836838	77.100006	49.992195
66.886749	77.150002	49.993637
66.938034	77.199997	49.994553
66.990173	77.25	49.994324
67.042221	77.300003	49.99395
67.093269	77.350006	49.993675
67.147369	77.400002	49.994553
67.202011	77.449997	49.993935
67.255463	77.5	49.992294
67.307411	77.550003	49.990318
67.358971	77.600006	49.988831
67.410522	77.650002	49.988113
67.461296	77.699997	49.989281
67.512474	77.75	49.990997
67.560791	77.800003	49.991592
67.61097	77.850006	49.992363
67.65992	77.900002	49.993462
67.709641	77.949997	49.994408
67.759148	78	49.995628
67.809235	78.050003	49.995834
67.860664	78.100006	49.997925
67.910423	78.150002	49.999519
67.960602	78.199997	50.001068
68.009621	78.25	50.00338
68.060173	78.300003	50.00531
68.111237	78.350006	50.004707
68.16375	78.400002	50.003098
68.217194	78.449997	50.001678
68.269157	78.5	49.999786
68.320694	78.550003	49.997826
68.372482	78.600006	49.997231
68.421661	78.650002	49.996964
68.470779	78.699997	49.9963
68.520447	78.75	49.993919
68.569855	78.800003	49.991638
68.618599	78.850006	49.989914
68.667664	78.900002	49.98925
68.717705	78.949997	49.988945
68.767006	79	49.990166
68.816742	79.050003	49.991707
68.867035	79.100006	49.991272
68.916985	79.150002	49.992462
68.966621	79.199997	49.993683
69.016762	79.25	49.995781
69.067993	79.300003	49.997391
69.119667	79.350006	50.000183
69.172081	79.400002	50.002731
69.222183	79.449997	50.004349
69.272324	79.5	50.005363
69.324333	79.550003	50.006813
69.376732	79.600006	50.007477
69.427185	79.650002	50.007507
69.478584	79.699997	50.007652
69.529663	79.75	50.008148
69.580719	79.800003	50.008293
69.630638	79.850006	50.009506
69.681656	79.900002	50.009514
69.732635	79.949997	50.009506
69.783173	80	50.010498
69.833511	80.050003	50.012054
69.882813	80.100006	50.013046
69.934265	80.150002	50.013268
69.987381	80.199997	50.010963
70.040215	80.25	50.008072
70.091393	80.300003	50.005356
70.142197	80.350006	50.002853
70.194748	80.400002	50.001831
70.246246	80.449997	50.00238
70.297424	80.5	50.002106
70.348633	80.550003	50.001404
70.3993	80.600006	50.000267
70.449562	80.650002	49.998962
70.500679	80.699997	49.998947
70.550797	80.75	49.999748
70.600922	80.800003	50.001053
70.652718	80.850006	50.002037
70.704636	80.900002	50.003609
70.755165	80.949997	50.003471
70.804947	81	50.003082
70.854919	81.050003	50.002762
70.905113	81.100006	50.003075
70.955742	81.150002	50.004005
71.006508	81.199997	50.005714
71.055542	81.25	50.006203
71.106262	81.300003	50.005119
71.159012	81.350006	50.003281
71.21138	81.400002	50.000969
71.264107	81.449997	50.000107
71.318581	81.5	49.999504
71.37101	81.550003	49.998718
71.422531	81.600006	49.997238
71.474152	81.650002	49.995872
71.525055	81.699997	49.993477
71.57605	81.75	49.993027
71.6269	81.800003	49.993484
71.67746	81.850006	49.993164
71.727318	81.900002	49.990974
71.77858	81.949997	49.98909
71.828651	82	49.987701
71.878166	82.050003	49.986816
71.928383	82.100006	49.987068
71.979736	82.150002	49.986732
72.030663	82.199997	49.987373
72.080589	82.25	49.986778
72.129547	82.300003	49.984283
72.178429	82.350006	49.982353
72.227776	82.400002	49.981781
72.277924	82.449997	49.980469
72.327644	82.5	49.981293
72.378937	82.550003	49.98278
72.430527	82.600006	49.982651
72.48275	82.650002	49.983635
72.532906	82.699997	49.985222
72.582626	82.75	49.98687
72.634521	82.800003	49.98745
72.68689	82.850006	49.987259
72.737831	82.900002	49.987297
72.788712	82.949997	49.986549
72.839798	83	49.984543
72.8909	83.050003	49.984283
72.941971	83.100006	49.984558
72.992996	83.150002	49.985771
73.044098	83.199997	49.986748
73.095245	83.25	49.98745
73.145515	83.300003	49.988518
73.195869	83.350006	49.98967
73.247993	83.400002	49.991119
73.299919	83.449997	49.992058
73.351273	83.5	49.993294
73.401573	83.550003	49.995506
73.451843	83.600006	49.997635
73.502602	83.650002	50.000252
73.552742	83.699997	50.00074
73.602654	83.75	49.99971
73.652718	83.800003	49.998566
73.702431	83.850006	49.996986
73.75235	83.900002	49.994972
73.803833	83.949997	49.992393
73.853127	84	49.989792
73.902443	84.050003	49.98909
73.9524	84.099998	49.988625
74.001297	84.150002	49.98938
74.051003	84.200005	49.991402
74.102402	84.25	49.995094
74.153809	84.300003	49.997658
74.205025	84.349998	50.000214
74.254868	84.400002	50.001663
74.304733	84.450005	50.001541
74.354561	84.5	50.000328
74.403511	84.550003	49.998947
74.451256	84.599998	49.998329
74.499245	84.650002	49.998711
74.547119	84.700005	49.999077
74.596252	84.75	49.997513
74.645561	84.800003	49.997154
74.694817	84.849998	49.996338
74.744476	84.900002	49.996986
74.7938	84.950005	49.997818
74.844124	85	49.998322
74.893669	85.050003	49.998581
74.944489	85.099998	49.997398
74.995491	85.150002	49.997269
75.046982	85.200005	49.997658
75.098755	85.25	49.997787
75.151833	85.300003	49.998177
75.202805	85.349998	49.999336
75.254082	85.400002	50.00116
75.304932	85.450005	50.001503
75.355347	85.5	50.002655
75.405754	85.550003	50.002434
75.456123	85.599998	50.002533
75.505547	85.650002	50.002319
75.555611	85.700005	50.002281
75.604507	85.75	50.001442
75.654526	85.800003	50.000923
75.704994	85.849998	50.000168
75.756691	85.900002	50.000885
75.808235	85.950005	50.000626
75.859047	86	49.998978
75.908928	86.050003	49.998917
75.958199	86.099998	49.999168
76.007034	86.150002	50.000183
76.055084	86.200005	50.000702
76.104431	86.25	50.000351
76.155907	86.300003	49.999756
76.205582	86.349998	49.999893
76.256714	86.400002	50.000549
76.30748	86.450005	50.00087
76.359154	86.5	50.001686
76.410294	86.550003	50.000748
76.460052	86.599998	49.999748
76.510834	86.650002	49.997658
76.561104	86.700005	49.995064
76.611183	86.75	49.993752
76.662094	86.800003	49.99334
76.715111	86.849998	49.993011
76.768311	86.900002	49.992775
76.821823	86.950005	49.99205
76.873146	87	49.99276
76.923492	87.050003	49.992821
76.974335	87.099998	49.992203
77.025787	87.150002	49.991661
77.075455	87.200005	49.991219
77.124901	87.25	49.990479
77.172035	87.300003	49.99131
77.219765	87.349998	49.992691
77.268791	87.400002	49.99514
77.318497	87.450005	49.997345
77.369568	87.5	49.998756
77.420586	87.550003	49.999336
77.472244	87.599998	49.998131
77.523521	87.650002	49.995796
77.574303	87.700005	49.993568
77.625664	87.75	49.991592
77.675995	87.800003	49.989655
77.726402	87.849998	49.989822
77.777527	87.900002	49.990524
77.828247	87.950005	49.990143
77.878685	88	49.990494
77.930008	88.050003	49.991112
77.980728	88.099998	49.991959
78.033119	88.150002	49.991867
78.084419	88.200005	49.990753
78.135414	88.25	49.991562
78.185509	88.300003	49.991753
78.234619	88.349998	49.991859
78.282669	88.400002	49.993332
78.331932	88.450005	49.994698
78.38147	88.5	49.996269
78.431488	88.550003	49.996712
78.480766	88.599998	49.996124
78.530327	88.650002	49.994949
78.581047	88.700005	49.992622
78.632141	88.75	49.991554
78.682808	88.800003	49.992531
78.733238	88.849998	49.993149
78.784424	88.900002	49.993744
78.837204	88.950005	49.993958
78.887833	89	49.995178
78.93853	89.050003	49.997948
78.98835	89.099998	50.000633
79.036545	89.150002	50.00251
79.085304	89.200005	50.003517
79.134262	89.25	50.004326
79.183609	89.300003	50.003639
79.232422	89.349998	50.003479
79.281837	89.400002	50.002876
79.333649	89.450005	50.002106
79.384964	89.5	50.002983
79.435921	89.550003	50.002991
79.487305	89.599998	50.002708
79.539429	89.650002	50.00267
79.59127	89.700005	50.002243
79.641861	89.75	50.0019
79.69046	89.800003	50.001923
79.74015	89.849998	50.001053
79.790085	89.900002	49.999565
79.838303	89.950005	49.997955
79.887779	90	49.996948
79.93779	90.050003	49.996452
79.989418	90.099998	49.995583
80.040504	90.150002	49.99543
80.091537	90.200005	49.995827
80.142616	90.25	49.995316
80.192719	90.300003	49.993538
80.242714	90.349998	49.992554
80.292091	90.400002	49.991455
80.342506	90.450005	49.989098
80.392876	90.5	49.987656
80.442558	90.550003	49.988014
80.493706	90.599998	49.98864
80.54409	90.650002	49.989502
80.595451	90.700005	49.990005
80.64621	90.75	49.990303
80.69577	90.800003	49.991257
80.745918	90.849998	49.993179
80.796204	90.900002	49.995636
80.846214	90.950005	49.998772
80.897652	91	50.000931
80.94886	91.050003	50.001587
81.000023	91.099998	50.00235
81.049248	91.150002	50.002762
81.096916	91.200005	50.002655
81.144753	91.25	50.003387
81.192642	91.300003	50.002319
81.241043	91.349998	50.00238
81.290833	91.400002	50.004211
81.341286	91.450005	50.00502
81.391663	91.5	50.006912
81.44178	91.550003	50.006866
81.493233	91.599998	50.006874
81.545303	91.650002	50.006821
81.595947	91.700005	50.007393
81.646164	91.75	50.007713
81.696503	91.800003	50.008041
81.744286	91.849998	50.006447
81.792908	91.900002	50.00396
81.843849	91.950005	50.003128
81.894203	92	50.002357
81.945847	92.050003	50.003571
81.997215	92.099998	50.003143
82.048286	92.150002	50.002106
82.0989	92.200005	50.003891
82.149139	92.25	50.005272
82.199043	92.300003	50.003609
82.250618	92.349998	50.000458
82.302475	92.400002	49.999176
82.354118	92.450005	49.998222
82.404129	92.5	49.997047
82.454247	92.550003	49.995834
82.503593	92.599998	49.99469
82.552765	92.650002	49.99366
82.603088	92.700005	49.992683
82.653297	92.75	49.992538
82.703522	92.800003	49.99334
82.752541	92.849998	49.99437
82.80014	92.900002	49.995911
82.849869	92.950005	49.996628
82.899055	93	49.996292
82.948441	93.050003	49.997154
82.998177	93.099998	49.998558
83.047874	93.150002	50.000435
83.097481	93.200005	50.000114
83.147934	93.25	50.000061
83.198044	93.300003	49.999794
83.250984	93.349998	49.999313
83.302284	93.400002	49.999222
83.350792	93.450005	49.998474
83.398857	93.5	49.999336
83.449371	93.550003	49.999596
83.500374	93.599998	49.999146
83.551155	93.650002	49.998558
83.602684	93.700005	49.998993
83.655128	93.75	49.997849
83.706566	93.800003	49.995667
83.757622	93.849998	49.993248
83.809456	93.900002	49.98925
83.859833	93.950005	49.987167
83.910255	94	49.988052
83.959877	94.050003	49.989067
84.011162	94.099998	49.991074
84.062424	94.150002	49.991905
84.111671	94.200005	49.992027
84.160751	94.25	49.991882
84.211357	94.300003	49.994041
84.261009	94.349998	49.994553
84.309402	94.400002	49.993652
84.357559	94.450005	49.992355
84.406395	94.5	49.990715
84.454468	94.550003	49.990021
84.502953	94.599998	49.991295
84.55349	94.650002	49.991348
84.604485	94.700005	49.991554
84.654045	94.75	49.992027
84.702126	94.800003	49.992195
84.750702	94.849998	49.990967
84.798843	94.900002	49.988632
84.847015	94.950005	49.987503
84.895042	95	49.986351
84.944443	95.050003	49.98468
84.993927	95.099998	49.983269
85.045349	95.150002	49.981613
85.099129	95.200005	49.981575
85.15065	95.25	49.982094
85.201118	95.300003	49.983978
85.252731	95.349998	49.984528
85.304153	95.400002	49.984985
85.355881	95.450005	49.985748
85.407799	95.5	49.985245
85.45845	95.550003	49.985847
85.509102	95.599998	49.986031
85.559349	95.650002	49.986794
85.609612	95.700005	49.988152
85.658676	95.75	49.988144
85.707649	95.800003	49.988091
85.756531	95.849998	49.988548
85.806458	95.900002	49.989136
85.856865	95.950005	49.98996
85.906364	96	49.98967
85.957565	96.050003	49.989243
86.007645	96.099998	49.989006
86.056519	96.150002	49.988625
86.104424	96.200005	49.986969
86.153183	96.25	49.986076
86.202934	96.300003	49.985939
86.251373	96.349998	49.984993
86.300255	96.400002	49.983871
86.35025	96.450005	49.984428
86.400261	96.5	49.985176
86.451958	96.550003	49.984795
86.503136	96.599998	49.98597
86.553368	96.650002	49.987305
86.604393	96.700005	49.986984
86.656258	96.75	49.987724
86.707481	96.800003	49.990234
86.758499	96.849998	49.992287
86.809601	96.900002	49.995422
86.862244	96.950005	49.998222
86.913162	97	49.999763
86.964973	97.050003	50.001144
87.016396	97.099998	50.001541
87.066376	97.150002	50.001755
87.117577	97.200005	50.002121
87.168198	97.25	50.001244
87.217354	97.300003	49.999283
87.26561	97.349998	49.99839
87.313461	97.400002	49.997871
87.360352	97.450005	49.998512
87.409012	97.5	49.99868
87.458115	97.550003	49.998604
87.506935	97.599998	49.997704
87.556007	97.650002	49.997238
87.605659	97.700005	49.997429
87.654884	97.75	49.996956
87.70372	97.800003	49.994675
87.752739	97.849998	49.992714
87.802124	97.900002	49.990288
87.850662	97.950005	49.987335
87.898277	98	49.987015
87.947556	98.050003	49.988014
87.998596	98.099998	49.988197
88.048477	98.150002	49.987503
88.097321	98.200005	49.988945
88.147514	98.25	49.992081
88.197289	98.300003	49.993294
88.247162	98.349998	49.994751
88.297287	98.400002	49.995384
88.34951	98.450005	49.994568
88.400894	98.5	49.995522
88.451218	98.550003	49.995087
88.501373	98.599998	49.993889
88.552467	98.650002	49.992599
88.601402	98.700005	49.993385
88.651283	98.75	49.994995
88.702148	98.800003	49.995468
88.751778	98.849998	49.995567
88.800125	98.900002	49.996399
88.84742	98.950005	49.996063
88.894691	99	49.995255
88.943161	99.050003	49.993568
88.994041	99.099998	49.99099
89.045464	99.150002	49.987938
89.096031	99.200005	49.986298
89.14817	99.25	49.985184
89.199791	99.300003	49.984291
89.252144	99.349998	49.985291
89.302963	99.400002	49.986458
89.35273	99.450005	49.989395
89.400284	99.5	49.991783
89.447083	99.550003	49.994469
89.495872	99.599998	49.996727
89.544258	99.650002	49.996513
89.593048	99.700005	49.996857
89.641617	99.75	49.99762
89.689888	99.800003	49.998116
89.738037	99.849998	49.998787
89.785797	99.900002	49.998764
89.833305	99.950005	49.99781
89.883255	90	49.996399
89.933258	90	49.995804
89.985092	90	49.996117
90.035133	90	49.996902
90.084229	90	49.995682
90.134293	90	49.995239
90.184692	90	49.995514
90.236076	90	49.996155
90.287491	90	49.996956
90.337967	90	49.998421
90.388405	90	49.997154
90.439316	90	49.994568
90.4897	90	49.993652
90.539795	90	49.99485
90.589363	90	49.996185
90.638855	90	49.996307
90.688049	90	49.995193
90.737495	90	49.993767
90.788116	90	49.99382
90.837814	90	49.995888
90.88633	90	49.998253
90.932785	90	49.999138
90.980957	90	49.998276
91.029572	90	49.998466
91.077591	90	50.000168
91.124168	90	50.000313
91.16964	90	49.999901
91.216225	90	49.997902
91.26226	90	49.997124
91.308899	90	49.995949
91.356895	90	49.995613
91.402885	90	49.994972
91.449493	90	49.994659
91.496849	90	49.994194
91.544685	90	49.994217
91.592087	90	49.99395
91.637939	90	49.994621
91.683235	90	49.994461
91.729156	90	49.996063
91.775177	90	49.998207
91.821121	90	49.999336
91.866501	90	49.999123
91.910988	90	49.998985
91.956291	90	49.999641
92.001053	90	49.99913
92.044815	90	49.998085
92.087051	90	49.996796
92.127602	90	49.994759
92.171265	90	49.993538
92.214676	90	49.991722
92.258018	90	49.990311
92.300179	90	49.989662
92.342461	90	49.9888
92.384331	90	49.99012
92.426147	90	49.992271
92.466064	90	49.993462
92.506485	90	49.994484
92.546852	90	49.995468
92.586319	90	49.995369
92.625504	90	49.995567
92.666069	90	49.99556
92.706238	90	49.994766
92.745361	90	49.994904
92.786484	90	49.996437
92.828064	90	49.996635
92.866501	90	49.994812
92.90345	90	49.992683
92.941711	90	49.990196
92.978683	90	49.988297
93.014397	90	49.986847
93.049637	90	49.984711
93.083031	90	49.984299
93.116646	90	49.985382
93.14991	90	49.986748
93.182732	90	49.988297
93.215195	90	49.990974
93.248428	90	49.994133
93.280907	90	49.995972
93.312561	90	49.995285
93.344223	90	49.995377
93.375916	90	49.995415
93.408195	90	49.995735
93.439697	90	49.993958
93.469528	90	49.991348
93.499756	90	49.988831
93.529968	90	49.986664
93.559326	90	49.984238
93.587685	90	49.982773
93.616379	90	49.981781
93.643738	90	49.980469
93.66777	90	49.980423
93.690865	90	49.979027
93.713921	90	49.977272
93.738991	90	49.975945
93.76432	90	49.974686
93.787529	90	49.973747
93.80748	90	49.973701
93.828651	90	49.972176
93.85022	90	49.971863
93.870903	90	49.972374
93.889229	90	49.973633
93.908279	90	49.975098
93.928482	90	49.976852
93.947433	90	49.978554
93.964798	90	49.980194
93.980858	90	49.982796
93.996468	90	49.985741
94.011551	90	49.988213
94.025993	90	49.990303
94.039612	90	49.992905
94.052849	90	49.994179
94.067062	90	49.994431
94.083046	90	49.993385
94.097488	90	49.990639
94.111282	90	49.987633
94.12291	90	49.985535
94.134048	90	49.984009
94.144585	90	49.981888
94.154823	90	49.982162
94.16497	90	49.983521
94.174889	90	49.984665
94.184746	90	49.985336
94.193932	90	49.984818
94.201141	90	49.984215
94.205994	90	49.983498
94.210358	90	49.982346
94.215576	90	49.980377
94.220306	90	49.980965
94.223984	90	49.982986
94.22747	90	49.983772
94.232033	90	49.984421
94.236626	90	49.984917
94.240562	90	49.986374
94.241432	90	49.988403
94.242958	90	49.989319
94.245804	90	49.990005
94.248962	90	49.992302
94.250488	90	49.993538
94.251785	90	49.994629
94.252144	90	49.996719
94.252525	90	49.998268
94.253296	90	49.999168
94.253662	90	49.999687
94.253494	90	50.00032
94.253624	90	50.000443
94.252495	90	50.000153
94.250549	90	50.001083
94.249359	90	50.000938
94.24781	90	50.000626
94.247459	90	50.002037
94.246994	90	50.002922
94.246422	90	50.002434
94.245857	90	50.003662
94.243454	90	50.003456
94.239319	90	50.005135
94.234314	90	50.006119
94.2295	90	50.006966
94.225166	90	50.008278
94.220901	90	50.009567
94.21637	90	50.010742
94.210022	90	50.011703
94.202934	90	50.01223
94.197418	90	50.013
94.190125	90	50.011848
94.184631	90	50.010582
94.178299	90	50.009468
94.170387	90	50.007561
94.161438	90	50.004509
94.152359	90	50.00325
94.145111	90	50.003662
94.138206	90	50.003784
94.131409	90	50.003654
94.123741	90	50.004822
94.115524	90	50.004967
94.107262	90	50.006691
94.096977	90	50.008461
94.086784	90	50.010147
94.07711	90	50.01239
94.0672	90	50.013947
94.05645	90	50.016258
94.04557	90	50.01619
94.035202	90	50.016235
94.026787	90	50.015076
94.019135	90	50.013725
94.012764	90	50.012886
94.005859	90	50.01284
93.997406	90	50.014397
93.98938	90	50.017593
93.98246	90	50.019386
93.97554	90	50.021515
93.968285	90	50.022873
93.961395	90	50.025085
93.953377	90	50.026527
93.946167	90	50.028725
93.937965	90	50.02964
93.931007	90	50.031166
93.924515	90	50.031502
93.91658	90	50.032837
93.906929	90	50.035545
93.898766	90	50.037445
93.890808	90	50.03817
93.882019	90	50.037148
93.873413	90	50.035324
93.865273	90	50.033485
93.856995	90	50.032066
93.850029	90	50.029373
93.841713	90	50.026268
93.833939	90	50.02327
93.825287	90	50.020432
93.817383	90	50.018555
93.809074	90	50.016563
93.800644	90	50.014412
93.793777	90	50.012344
93.787613	90	50.011307
93.780266	90	50.010239
93.771088	90	50.008522
93.761604	90	50.00631
93.750694	90	50.00441
93.741692	90	50.003662
93.735054	90	50.003784
93.728394	90	50.005219
93.721542	90	50.007347
93.713409	90	50.009483
93.703339	90	50.011841
93.692307	90	50.013748
93.682541	90	50.015388
93.672737	90	50.017708
93.662727	90	50.01741
93.652687	90	50.017166
93.643112	90	50.015999
93.632866	90	50.014694
93.623665	90	50.014435
93.613205	90	50.013924
93.603233	90	50.012527
93.593575	90	50.010872
93.583923	90	50.008591
93.573456	90	50.006989
93.565506	90	50.005432
93.556343	90	50.002487
93.546188	90	50.000793
93.536507	90	49.998817
93.527168	90	49.997643
93.518967	90	49.997467
93.510513	90	49.997879
93.50161	90	49.997772
93.492409	90	49.996407
93.484032	90	49.995644
93.474998	90	49.994598
93.465034	90	49.994385
93.455673	90	49.993019
93.447754	90	49.99202
93.438713	90	49.990845
93.428047	90	49.988419
93.417809	90	49.987869
93.408371	90	49.986961
93.398911	90	49.986992
93.389343	90	49.986229
93.378929	90	49.986099
93.367867	90	49.986305
93.357475	90	49.985817
93.346977	90	49.984337
93.336082	90	49.982635
93.32618	90	49.98204
93.317398	90	49.981567
93.309219	90	49.980988
93.299118	90	49.982735
93.288483	90	49.983727
93.276962	90	49.983032
93.265114	90	49.981606
93.254463	90	49.980949
93.243774	90	49.980293
93.232727	90	49.980553
93.221031	90	49.979843
93.209938	90	49.979362
93.199699	90	49.980301
93.191154	90	49.981842
93.182327	90	49.984184
93.17205	90	49.985016
93.162918	90	49.985527
93.15435	90	49.985764
93.146072	90	49.98642
93.137062	90	49.986855
93.127907	90	49.986816
93.119286	90	49.986267
93.109192	90	49.986259
93.097969	90	49.985947
93.087326	90	49.986633
93.073936	90	49.988846
93.061592	90	49.989563
93.04892	90	49.989647
93.03672	90	49.991295
93.023933	90	49.991928
93.011055	90	49.993546
92.999237	90	49.994377
92.988907	90	49.993843
92.981407	90	49.994606
92.973053	90	49.995239
92.964104	90	49.995628
92.955597	90	49.994881
92.946205	90	49.994972
92.937119	90	49.995346
92.9282	90	49.995926
92.919205	90	49.995522
92.909752	90	49.995323
92.899773	90	49.994469
92.888252	90	49.99472
92.876579	90	49.997215
92.865662	90	50.000183
92.853966	90	50.003807
92.840805	90	50.005821
92.828735	90	50.007957
92.818718	90	50.009048
92.80909	90	50.010284
92.800034	90	50.01104
92.79097	90	50.011841
92.78083	90	50.012009
92.770157	90	50.013466
92.759415	90	50.014763
92.748436	90	50.016113
92.738358	90	50.015854
92.729553	90	50.017807
92.721283	90	50.017319
92.712357	90	50.015991
92.702286	90	50.015686
92.693184	90	50.015388
92.687134	90	50.01506
92.679161	90	50.0159
92.669533	90	50.01741
92.660217	90	50.020065
92.651581	90	50.021103
92.640938	90	50.02034
92.631882	90	50.019791
92.624893	90	50.021294
92.617073	90	50.021248
92.610031	90	50.021393
92.603279	90	50.020851
92.596611	90	50.02137
92.589355	90	50.020866
92.582077	90	50.019592
92.574821	90	50.020187
92.568085	90	50.021141
92.561111	90	50.021095
92.552666	90	50.020828
92.543861	90	50.022682
92.533379	90	50.026154
92.525414	90	50.027771
92.517128	90	50.028297
92.507843	90	50.030617
92.499336	90	50.032249
92.491539	90	50.03315
92.483368	90	50.033958
92.474411	90	50.032692
92.465736	90	50.030785
92.456467	90	50.028442
92.44799	90	50.026245
92.441658	90	50.025139
92.437088	90	50.02504
92.431381	90	50.022491
92.42453	90	50.020264
92.417793	90	50.019119
92.411507	90	50.016273
92.403732	90	50.015053
92.393166	90	50.014359
92.382736	90	50.014854
92.372742	90	50.014854
92.364548	90	50.014687
92.355904	90	50.013519
92.348122	90	50.011627
92.342583	90	50.010368
92.338661	90	50.008797
92.334541	90	50.008278
92.332054	90	50.008148
92.328316	90	50.006821
92.323753	90	50.007385
92.318558	90	50.006439
92.313019	90	50.005432
92.305931	90	50.004166
92.298424	90	50.004692
92.290092	90	50.00621
92.281815	90	50.006973
92.27372	90	50.00721
92.266121	90	50.006287
92.258858	90	50.006851
92.252098	90	50.005737
92.244057	90	50.004135
92.23584	90	50.001762
92.227928	90	49.999916
92.222183	90	49.998276
92.216324	90	49.995895
92.211884	90	49.991783
92.206345	90	49.98848
92.200439	90	49.986641
92.194908	90	49.984848
92.188744	90	49.982552
92.180389	90	49.982079
92.17186	90	49.983429
92.163109	90	49.985313
92.155884	90	49.987106
92.148529	90	49.98925
92.140091	90	49.989723
92.132492	90	49.989288
92.126297	90	49.990318
92.119637	90	49.99128
92.113358	90	49.99221
92.107124	90	49.994034
92.098656	90	49.994347
92.089203	90	49.992058
92.080536	90	49.99057
92.073387	90	49.989906
92.066704	90	49.989059
92.060234	90	49.987648
92.054123	90	49.985771
92.047043	90	49.984207
92.037666	90	49.982658
92.02903	90	49.981667
92.021339	90	49.980194
92.01265	90	49.979469
92.005058	90	49.979485
91.996971	90	49.980598
91.987663	90	49.980583
91.977966	90	49.979774
91.968971	90	49.980698
91.959686	90	49.981407
91.950249	90	49.982567
91.941292	90	49.984756
91.933121	90	49.986839
91.924767	90	49.989098
91.916862	90	49.991173
91.909531	90	49.991158
91.903229	90	49.99054
91.896103	90	49.987778
91.889565	90	49.986069
91.883003	90	49.985901
91.876419	90	49.987671
91.869438	90	49.990501
91.861259	90	49.991463
91.852867	90	49.992958
91.845795	90	49.994698
91.838089	90	49.996223
91.829544	90	49.99678
91.821335	90	49.996933
91.816002	90	49.996651
91.809822	90	49.996429
91.803841	90	49.996101
91.797096	90	49.997025
91.792252	90	49.999969
91.786018	90	50.001968
91.779068	90	50.004242
91.774651	90	50.007141
91.768944	90	50.010445
91.763931	90	50.011368
91.756462	90	50.011017
91.748352	90	50.010864
91.741196	90	50.01178
91.734612	90	50.014084
91.728111	90	50.0158
91.72155	90	50.016701
91.714439	90	50.01767
91.708	90	50.019073
91.703094	90	50.018913
91.699539	90	50.019554
91.695099	90	50.020775
91.690025	90	50.023056
91.684456	90	50.026093
91.679352	90	50.029716
91.674484	90	50.033195
91.670609	90	50.034668
91.667618	90	50.034615
91.664688	90	50.035057
91.66024	90	50.036186
91.653915	90	50.035995
91.647141	90	50.035187
91.641312	90	50.034988
91.635025	90	50.035149
91.629013	90	50.033615
91.623528	90	50.030991
91.619225	90	50.028366
91.614197	90	50.026848
91.608559	90	50.026428
91.601143	90	50.026512
91.593216	90	50.025803
91.587341	90	50.025627
91.581558	90	50.02417
91.576057	90	50.024666
91.570892	90	50.024597
91.565521	90	50.025993
91.557671	90	50.027626
91.549744	90	50.029938
91.542564	90	50.031708
91.536385	90	50.032135
91.530006	90	50.030594
91.524452	90	50.02964
91.518791	90	50.028427
91.51355	90	50.028145
91.507965	90	50.028587
91.504433	90	50.026718
91.500435	90	50.023781
91.496742	90	50.019691
91.492027	90	50.016098
91.487541	90	50.013824
91.483299	90	50.010925
91.478645	90	50.009323
91.47287	90	50.00695
91.467171	90	50.006195
91.460243	90	50.005219
91.453079	90	50.004051
91.447739	90	50.002769
91.4431	90	50.000511
91.439865	90	49.998993
91.437103	90	49.996552
91.43351	90	49.994102
91.430328	90	49.992111
91.427147	90	49.990219
91.42347	90	49.989738
91.420235	90	49.989807
91.417015	90	49.988853
91.412041	90	49.986916
91.408348	90	49.984657
91.403313	90	49.983994
91.398567	90	49.983864
91.393547	90	49.985252
91.385796	90	49.986824
91.377922	90	49.987366
91.369972	90	49.986374
91.363594	90	49.987152
91.357162	90	49.987297
91.351639	90	49.986183
91.346413	90	49.984711
91.341301	90	49.982933
91.338257	90	49.981705
91.334297	90	49.980125
91.330009	90	49.977676
91.325058	90	49.975212
91.320007	90	49.972305
91.315269	90	49.969826
91.312325	90	49.970253
91.30983	90	49.970016
91.306572	90	49.969925
91.304222	90	49.969078
91.300034	90	49.968079
91.296516	90	49.967468
91.293747	90	49.966988
91.289223	90	49.967323
91.285622	90	49.966484
91.28141	90	49.965248
91.27697	90	49.965599
91.272354	90	49.965996
91.266174	90	49.967606
91.260391	90	49.967567
91.255096	90	49.967094
91.249367	90	49.96843
91.241852	90	49.968796
91.23584	90	49.970238
91.231026	90	49.971069
91.225388	90	49.972519
91.220787	90	49.97467
91.216621	90	49.976563
91.212914	90	49.978111
91.208534	90	49.980042
91.20369	90	49.981071
91.198578	90	49.980446
91.194496	90	49.979385
91.191879	90	49.978386
91.189285	90	49.977264
91.186234	90	49.977867
91.183418	90	49.977638
91.17968	90	49.976852
91.176094	90	49.978699
91.172935	90	49.982399
91.170364	90	49.985764
91.166794	90	49.987312
91.161247	90	49.988586
91.15683	90	49.989815
91.152397	90	49.990646
91.148643	90	49.990211
91.144852	90	49.990906
91.140816	90	49.991768
91.133873	90	49.993568
91.127808	90	49.995369
91.122742	90	49.997375
91.117218	90	49.999435
91.112022	90	50.001839
91.106613	90	50.00312
91.102295	90	50.003647
91.097397	90	50.005692
91.092781	90	50.006767
91.090263	90	50.007881
91.087288	90	50.009514
91.084702	90	50.010803
91.081894	90	50.013474
91.079063	90	50.015663
91.075806	90	50.017021
91.072197	90	50.0186
91.068336	90	50.020073
91.064331	90	50.022041
91.059753	90	50.023445
91.054832	90	50.024658
91.049904	90	50.024338
91.045158	90	50.023438
91.040581	90	50.022537
91.035614	90	50.021736
91.032097	90	50.022552
91.028572	90	50.023483
91.02523	90	50.025009
91.02121	90	50.027237
91.016586	90	50.030136
91.011856	90	50.031509
91.007248	90	50.033928
91.001427	90	50.035309
90.995262	90	50.037148
90.990112	90	50.040146
90.983818	90	50.041267
90.977364	90	50.04332
90.97213	90	50.043633
90.967957	90	50.043533
90.964417	90	50.04319
90.960999	90	50.041336
90.958336	90	50.039429
90.957367	90	50.037369
90.95816	90	50.036079
90.958038	90	50.035553
90.955803	90	50.035248
90.952637	90	50.035469
90.949966	90	50.034325
90.945045	90	50.030273
90.939255	90	50.025703
90.933289	90	50.023293
90.928581	90	50.021324
90.924774	90	50.019409
90.921921	90	50.018013
90.91922	90	50.0159
90.917923	90	50.013023
90.916702	90	50.012093
90.915642	90	50.012794
90.914017	90	50.012764
90.91143	90	50.012428
90.90802	90	50.013275
90.90448	90	50.013145
90.901459	90	50.012474
90.898232	90	50.0121
90.895294	90	50.012901
90.892151	90	50.012886
90.887344	90	50.011063
90.88179	90	50.008751
90.878319	90	50.008423
90.874641	90	50.007706
90.869209	90	50.008057
90.863251	90	50.007484
90.858871	90	50.005981
90.854767	90	50.00399
90.851845	90	50.001297
90.851051	90	49.997032
90.849174	90	49.993614
90.848686	90	49.991821
90.84713	90	49.990593
90.846375	90	49.990326
90.845657	90	49.989441
90.843544	90	49.988739
90.840141	90	49.988266
90.836632	90	49.987587
90.836113	90	49.987862
90.836182	90	49.987953
90.834854	90	49.988426
90.83197	90	49.98877
90.828873	90	49.988457
90.824295	90	49.988518
90.819405	90	49.988678
90.815033	90	49.988434
90.811195	90	49.987198
90.80777	90	49.985107
90.805351	90	49.982109
90.804138	90	49.979492
90.803238	90	49.977882
90.802177	90	49.97702
90.800949	90	49.977661
90.798813	90	49.978455
90.796051	90	49.979523
90.794296	90	49.981407
90.791985	90	49.982155
90.787842	90	49.983025
90.783928	90	49.985191
90.781189	90	49.986282
90.779716	90	49.986816
90.776909	90	49.986076
90.774017	90	49.985641
90.77137	90	49.98317
90.769051	90	49.982353
90.766983	90	49.981949
90.764816	90	49.982674
90.76355	90	49.983955
90.76194	90	49.984131
90.758705	90	49.983978
90.756241	90	49.98378
90.753983	90	49.982552
90.751526	90	49.981247
90.750854	90	49.982452
90.750504	90	49.982841
90.748894	90	49.983871
90.745903	90	49.986275
90.742828	90	49.990211
90.739746	90	49.993851
90.736931	90	49.998085
90.731857	90	50.000839
90.727646	90	50.001488
90.723579	90	50.001266
90.719444	90	50.000954
90.714943	90	50.000519
90.71196	90	49.999924
90.70826	90	49.998901
90.705711	90	49.998619
90.703941	90	49.998634
90.701874	90	49.999527
90.700645	90	49.999512
90.698746	90	50
90.69574	90	50.000893
90.691978	90	50.002487
90.687737	90	50.003799
90.683418	90	50.003792
90.679008	90	50.005486
90.674934	90	50.007195
90.672729	90	50.007957
90.66996	90	50.007942
90.666634	90	50.007439
90.662277	90	50.006706
90.658279	90	50.006332
90.655128	90	50.004585
90.652336	90	50.004494
90.64875	90	50.005554
90.647842	90	50.006737
90.647446	90	50.006859
90.646881	90	50.006721
90.645836	90	50.008934
90.645729	90	50.012169
90.642998	90	50.015945
90.640068	90	50.018204
90.637665	90	50.019318
90.63546	90	50.019348
90.631485	90	50.018883
90.62793	90	50.018494
90.623344	90	50.018036
90.617355	90	50.01693
90.611931	90	50.016899
90.608505	90	50.016891
90.604294	90	50.015396
90.602829	90	50.014351
90.600922	90	50.013748
90.599335	90	50.015068
90.596474	90	50.017082
90.593567	90	50.018402
90.590134	90	50.019379
90.587669	90	50.017426
90.586967	90	50.016319
90.586784	90	50.016617
90.584373	90	50.017685
90.580734	90	50.018066
90.578423	90	50.016899
90.575806	90	50.016525
90.572449	90	50.017982
90.56884	90	50.019211
90.564934	90	50.018684
90.561546	90	50.017609
90.557655	90	50.015923
90.554314	90	50.014885
90.553001	90	50.013962
90.551407	90	50.012573
90.549515	90	50.012268
90.548538	90	50.011253
90.54673	90	50.009888
90.544525	90	50.009117
90.542694	90	50.007683
90.540291	90	50.007042
90.538246	90	50.0065
90.536453	90	50.006248
90.535225	90	50.005692
90.535461	90	50.006111
90.535271	90	50.005524
90.532997	90	50.004616
90.530319	90	50.003838
90.529572	90	50.004211
90.528954	90	50.006287
90.526695	90	50.006721
90.524773	90	50.00621
90.52404	90	50.00518
90.524231	90	50.00309
90.524055	90	50.002045
90.522026	90	50.001366
90.518417	90	50.002075
90.514954	90	50.003723
90.511688	90	50.003418
90.509895	90	50.003952
90.508118	90	50.003983
90.50605	90	50.00412
90.505051	90	50.004219
90.502998	90	50.005272
90.500351	90	50.004128
90.497742	90	50.001884
90.4963	90	50.000214
90.494301	90	49.99971
90.490562	90	49.999763
90.488335	90	49.999496
90.486374	90	49.998619
90.483429	90	49.997574
90.482719	90	49.994675
90.482765	90	49.992271
90.483543	90	49.988907
90.483292	90	49.986641
90.48307	90	49.985619
90.482819	90	49.985359
90.481926	90	49.985214
90.482613	90	49.98484
90.482979	90	49.984276
90.48217	90	49.984894
90.480629	90	49.985054
90.479446	90	49.985382
90.477463	90	49.985992
90.47583	90	49.988052
90.474632	90	49.991318
90.474365	90	49.993805
90.474373	90	49.995842
90.475983	90	49.996635
90.476257	90	49.995445
90.477234	90	49.995224
90.478386	90	49.99334
90.477226	90	49.991463
90.474121	90	49.988716
90.471382	90	49.987862
90.468956	90	49.987823
90.465919	90	49.98848
90.46376	90	49.98925
90.461372	90	49.990372
90.459015	90	49.992126
90.45517	90	49.992378
90.451797	90	49.990898
90.449371	90	49.990921
90.447807	90	49.9916
90.447144	90	49.991936
90.447418	90	49.992867
90.446671	90	49.993561
90.447021	90	49.992638
90.447456	90	49.991402
90.448128	90	49.991119
90.44841	90	49.993233
90.44606	90	49.995331
90.443176	90	49.996483
90.439171	90	49.997375
90.435387	90	49.998253
90.432686	90	49.99749
90.430649	90	49.997581
90.426949	90	49.997757
90.423309	90	49.998283
90.418579	90	49.999504
90.416473	90	50.001602
90.415855	90	50.00341
90.41526	90	50.003601
90.414352	90	50.002052
90.413696	90	50.00087
90.412331	90	50.000328
90.411957	90	49.998474
90.411835	90	49.995384
90.41153	90	49.99424
90.411446	90	49.993324
90.410355	90	49.99382
90.408073	90	49.993416
90.405655	90	49.992645
90.403595	90	49.993309
90.401588	90	49.995087
90.399292	90	49.996628
90.397133	90	49.997765
90.394798	90	49.997345
90.39286	90	49.997124
90.39093	90	49.997513
90.38739	90	49.998901
90.38414	90	49.999809
90.381897	90	50.000252
90.379898	90	50.002602
90.377388	90	50.003456
90.373985	90	50.00573
90.369011	90	50.008644
90.365273	90	50.011917
90.361885	90	50.015312
90.358467	90	50.017128
90.354843	90	50.018166
90.351791	90	50.020226
90.350235	90	50.020905
90.350845	90	50.020386
90.350746	90	50.019424
90.350594	90	50.017151
90.349289	90	50.01767
90.347084	90	50.01722
90.343979	90	50.015785
90.341362	90	50.013306
90.339058	90	50.01107
90.336525	90	50.009094
90.335831	90	50.007996
90.336594	90	50.006546
90.335648	90	50.006447
90.333778	90	50.006706
90.33255	90	50.006989
90.331131	90	50.007462
90.330475	90	50.007339
90.329948	90	50.007111
90.330055	90	50.008965
90.329399	90	50.009216
90.326904	90	50.009369
90.324188	90	50.008873
90.321426	90	50.008652
90.319763	90	50.007904
90.317459	90	50.005867
90.315804	90	50.003761
90.313812	90	50.001717
90.310463	90	50.002464
90.30748	90	50.0037
90.305756	90	50.004021
90.304138	90	50.004982
90.302368	90	50.006058
90.300529	90	50.006485
90.298813	90	50.005463
90.298584	90	50.003189
90.299065	90	50.000374
90.299004	90	49.997292
90.298973	90	49.994049
90.299477	90	49.990982
90.299904	90	49.987305
90.301384	90	49.983215
90.300705	90	49.981239
90.300285	90	49.979164
90.299438	90	49.978676
90.298866	90	49.979546
90.299019	90	49.98185
90.298653	90	49.983902
90.297783	90	49.986
90.29818	90	49.98867
90.299438	90	49.991325
90.300369	90	49.992119
90.300201	90	49.990646
90.300529	90	49.989815
90.300621	90	49.989891
90.299744	90	49.990234
90.299019	90	49.991974
90.297546	90	49.993492
90.296318	90	49.995987
90.295273	90	49.998474
90.292892	90	49.997284
90.290741	90	49.996078
90.289688	90	49.995781
90.288429	90	49.994751
90.288292	90	49.995049
90.288422	90	49.994904
90.28907	90	49.994507
90.289497	90	49.993614
90.28923	90	49.992355
90.288597	90	49.991562
90.287514	90	49.991631
90.286629	90	49.993805
90.287605	90	49.994667
90.289955	90	49.993607
90.291222	90	49.992378
90.292984	90	49.99041
90.293503	90	49.989952
90.291809	90	49.988213
90.290504	90	49.987495
90.289825	90	49.987495
90.290062	90	49.98745
90.289818	90	49.988197
90.287842	90	49.98674
90.284653	90	49.986191
90.281441	90	49.986961
90.279686	90	49.985626
90.278198	90	49.984848
90.2761	90	49.985123
90.274643	90	49.985573
90.273697	90	49.98597
90.273575	90	49.98674
90.274002	90	49.988495
90.272316	90	49.990387
90.270737	90	49.9916
90.27137	90	49.992165
90.273201	90	49.993637
90.274872	90	49.994705
90.275673	90	49.995461
90.276093	90	49.994659
90.276123	90	49.992462
90.276382	90	49.991188
90.276184	90	49.989853
90.274765	90	49.989388
90.270912	90	49.989456
90.267616	90	49.990242
90.263474	90	49.990257
90.258812	90	49.990921
90.254013	90	49.991707
90.250732	90	49.993111
90.247574	90	49.994377
90.245422	90	49.995445
90.243591	90	49.995705
90.241959	90	49.995911
90.239822	90	49.996597
90.236725	90	49.997208
90.23275	90	49.997337
90.228622	90	49.998199
90.227249	90	49.99868
90.226082	90	49.999229
90.226234	90	50.00016
90.22583	90	50.00045
90.224861	90	50.000648
90.225533	90	50.001572
90.22522	90	50.002419
90.224777	90	50.003365
90.223526	90	50.003944
90.223145	90	50.004372
90.222389	90	50.006577
90.220367	90	50.007645
90.220161	90	50.007126
90.218369	90	50.00621
90.216476	90	50.005264
90.215279	90	50.005043
90.214241	90	50.004829
90.212669	90	50.005821
90.211342	90	50.007484
90.209625	90	50.007378
90.207886	90	50.006813
90.206917	90	50.006912
90.207039	90	50.00708
90.20726	90	50.006737
90.20575	90	50.007881
90.20401	90	50.008369
90.202766	90	50.010544
90.202003	90	50.012032
90.200722	90	50.011703
90.199371	90	50.009224
90.196709	90	50.008919
90.194168	90	50.010597
90.192108	90	50.011864
90.191788	90	50.012138
90.191353	90	50.011436
90.189949	90	50.011917
90.187408	90	50.012947
90.18544	90	50.013367
90.185066	90	50.01355
90.183434	90	50.015503
90.180489	90	50.016869
90.17672	90	50.018059
90.174034	90	50.019302
90.172195	90	50.019501
90.170456	90	50.020164
90.169434	90	50.020142
90.167702	90	50.019348
90.166588	90	50.019737
90.165138	90	50.018867
90.163513	90	50.016579
90.163818	90	50.014206
90.164749	90	50.011772
90.167862	90	50.009232
90.170647	90	50.006676
90.171951	90	50.003784
90.172699	90	50.0019
90.173248	90	50.001152
90.172432	90	50.001884
90.169594	90	50.002563
90.168213	90	50.004135
90.168655	90	50.005585
90.169563	90	50.006409
90.169418	90	50.007278
90.171227	90	50.006622
90.17334	90	50.008133
90.174454	90	50.009331
90.176277	90	50.009888
90.176674	90	50.0103
90.175827	90	50.010292
90.17524	90	50.010361
90.173973	90	50.010345
90.175369	90	50.008034
90.175682	90	50.006401
90.175484	90	50.004974
90.174934	90	50.004097
90.174576	90	50.004959
90.173958	90	50.005821
90.173744	90	50.007202
90.171829	90	50.008026
90.171486	90	50.00856
90.171577	90	50.009361
90.170532	90	50.008545
90.169945	90	50.007652
90.168564	90	50.00824
90.166512	90	50.00824
90.164932	90	50.006363
90.163345	90	50.005775
90.163834	90	50.005127
90.164078	90	50.003807
90.165932	90	50.002274
90.166496	90	50.000374
90.166832	90	49.998138
90.167183	90	49.997231
90.167702	90	49.995361
90.168587	90	49.993431
90.169701	90	49.988762
90.169777	90	49.985687
90.168259	90	49.981842
90.166824	90	49.97879
90.166245	90	49.977791
90.165176	90	49.978455
90.165421	90	49.979187
90.166183	90	49.980522
90.166183	90	49.98201
90.164261	90	49.983788
90.164314	90	49.984901
90.164009	90	49.986137
90.163757	90	49.986855
90.163979	90	49.987976
90.164726	90	49.988907
90.165367	90	49.990143
90.16523	90	49.991592
90.164528	90	49.991776
90.164139	90	49.990875
90.16301	90	49.992104
90.160934	90	49.992966
90.158699	90	49.993698
90.15696	90	49.994804
90.154701	90	49.996407
90.153275	90	49.999474
90.152634	90	50.002632
90.152603	90	50.003456
90.154091	90	50.004204
90.153839	90	50.004036
90.153061	90	50.005074
90.152458	90	50.004745
90.152603	90	50.004112
90.151672	90	50.003319
90.150208	90	50.003006
90.148682	90	50.004051
90.148125	90	50.003387
90.147614	90	50.001472
90.14756	90	49.999084
90.147858	90	49.998314
90.147865	90	49.997765
90.148514	90	49.998726
90.149117	90	49.999992
90.148376	90	50.001022
90.146667	90	50.003647
90.147125	90	50.005882
90.146896	90	50.006966
90.145615	90	50.008324
90.143829	90	50.008705
90.141495	90	50.008858
90.139366	90	50.008835
90.136726	90	50.008621
90.134575	90	50.008591
90.133949	90	50.00782
90.133766	90	50.00766
90.131187	90	50.007042
90.12915	90	50.004257
90.128326	90	50.002777
90.128868	90	50.001816
90.128059	90	50.000748
90.126297	90	49.999374
90.123718	90	49.998444
90.121628	90	49.997986
90.121117	90	49.997284
90.121689	90	49.995865
90.122238	90	49.996277
90.123703	90	49.997269
90.123871	90	49.998672
90.123199	90	49.999832
90.121132	90	50.000793
90.119415	90	50.001999
90.118065	90	50.002716
90.117485	90	50.002769
90.117157	90	50.003792
90.115829	90	50.005783
90.115227	90	50.007713
90.114326	90	50.009819
90.113617	90	50.011604
90.113144	90	50.011055
90.111275	90	50.010918
90.109444	90	50.010147
90.107079	90	50.009323
90.104614	90	50.010338
90.10215	90	50.01049
90.100983	90	50.009636
90.100113	90	50.009331
90.09948	90	50.009171
90.099556	90	50.008148
90.098221	90	50.008461
90.09726	90	50.010284
90.095222	90	50.01152
90.093552	90	50.013145
90.092621	90	50.013557
90.089966	90	50.012703
90.087685	90	50.012932
90.086563	90	50.012672
90.086723	90	50.01162
90.085793	90	50.011093
90.085869	90	50.009933
90.087006	90	50.009247
90.089539	90	50.007416
90.09063	90	50.006302
90.092499	90	50.005997
90.094765	90	50.00544
90.097198	90	50.005783
90.09903	90	50.004921
90.100876	90	50.004333
