[Graph\ Configuration]
Version=1
NrCurves=3
FFTNrCurves=0
Title=
XAxisLabel=Time / s
YAxisLabel=Current Position of axis1
Y2AxisLabel=Current Position of axis3
SameScaleXY=0
XAxisLinear=1
YAxisLinear=1
FFT=0
[Graph\ Configuration/Curve1]
CustomName=Current Position of axis1
XSliceArray=Current Position of axis1
XSliceName=Time
YSliceArray=Current Position of axis1
YSliceName=Current Position of axis1
[Graph\ Configuration/Curve1/style]
ColorRed=33
ColorGreen=67
ColorBlue=163
SolidPoint=1
LineType=100
PointSymbol=0
Width=2
Shown=1
Identify=1
Y2Axis=0
[Graph\ Configuration/Curve2]
CustomName=Target Position of axis1
XSliceArray=Current Position of axis1
XSliceName=Time
YSliceArray=Current Position of axis1
YSliceName=Target Position of axis1
[Graph\ Configuration/Curve2/style]
ColorRed=255
ColorGreen=154
ColorBlue=79
SolidPoint=1
LineType=100
PointSymbol=0
Width=2
Shown=1
Identify=1
Y2Axis=0
[Graph\ Configuration/Curve3]
CustomName=Current Position of axis3
XSliceArray=Current Position of axis1
XSliceName=Time
YSliceArray=Current Position of axis1
YSliceName=Current Position of axis3
[Graph\ Configuration/Curve3/style]
ColorRed=226
ColorGreen=0
ColorBlue=121
SolidPoint=1
LineType=100
PointSymbol=0
Width=2
Shown=1
Identify=1
Y2Axis=1
[GCS_ARRAY Current Position of axis1]
# VERSION = 1
# TYPE = 1
# SEPARATOR = 9
# DIM = 3
# SAMPLE_TIME = 5e-005
# NDATA = 3000
#
# NAME0 = Current Position of axis1
# NAME1 = Target Position of axis1
# NAME2 = Current Position of axis3
#
# END_HEADER
0.002558	0	49.991402
0.003275	0	49.991539
0.004316	0	49.992714
0.003645	0	49.993797
0.000557	0	49.995255
-0.000269	0	49.995689
0.00037	0	49.995728
0.001495	0	49.995651
0.0028	0	49.996124
0.004156	0	49.997269
0.004711	0	49.998291
0.003822	0	49.998703
0.003141	0	49.998886
0.002542	0	49.998741
0.000589	0	49.9991
-0.000128	0	50.000885
-0.000164	0	50.001305
-0.000957	0	50.001724
-0.001701	0	50.00148
-0.002741	0	50.000137
-0.00351	0	49.999329
-0.002754	0	49.998108
-0.001528	0	49.998474
-0.000706	0	49.997726
-0.001312	0	49.995796
-0.000444	0	49.995003
0.001499	0	49.995796
0.003773	0	49.997078
0.005987	0	49.996513
0.007912	0	49.996254
0.009504	0	49.995544
0.011543	0	49.9963
0.012463	0	49.997108
0.013664	0	49.998627
0.013468	0	49.99987
0.012878	0	49.999748
0.011082	0	49.999504
0.010094	0	49.999115
0.010633	0	49.997971
0.010719	0	49.995728
0.009783	0	49.994461
0.007872	0	49.99366
0.007076	0	49.993507
0.00659	0	49.992851
0.004894	0	49.992805
0.003229	0	49.992966
0.001513	0	49.993515
0.000854	0	49.994911
-0.001171	0	49.995331
-0.001564	0	49.996025
-0.000578	0	49.996384
0.001768	0	49.996605
0.003548	0	49.998566
0.004385	0	50.000153
0.003086	0	50.001579
4.6e-005	0	50.003082
-0.003344	0	50.005913
-0.007446	0	50.007721
-0.008968	0	50.008926
-0.009272	0	50.008789
-0.00938	0	50.008087
-0.009937	0	50.008263
-0.010269	0	50.008896
-0.010931	0	50.008446
-0.011261	0	50.007629
-0.010813	0	50.008011
-0.009779	0	50.007256
-0.009188	0	50.005936
-0.007622	0	50.005867
-0.006348	0	50.006783
-0.005526	0	50.006767
-0.005104	0	50.005318
-0.004614	0	50.005043
-0.004683	0	50.005432
-0.004944	0	50.006645
-0.005545	0	50.006737
-0.007008	0	50.006821
-0.007959	0	50.006973
-0.008883	0	50.006973
-0.008097	0	50.008011
-0.008297	0	50.009087
-0.008356	0	50.009171
-0.008238	0	50.008247
-0.00746	0	50.007622
-0.007084	0	50.00753
-0.007116	0	50.006882
-0.006052	0	50.006706
-0.003088	0	50.006638
-0.001907	0	50.005623
-0.002077	0	50.004799
-0.001806	0	50.00383
-0.000824	0	50.002609
0.000406	0	50.001503
0.001431	0	50.001076
0.002693	0	50.000023
0.003517	0	49.999039
0.003809	0	49.998978
0.003534	0	49.99971
0.00301	0	50.000748
0.001577	0	50.001488
-0.000282	0	50.002983
-0.001816	0	50.003281
-0.002914	0	50.002632
-0.002901	0	50.001884
-0.002731	0	50.0019
-0.002438	0	50.003036
-0.00141	0	50.003044
-0.00032	0	50.002197
0.001617	0	50.001549
0.000864	0	50.00145
0.000353	0	50.002228
-0.000723	0	50.00209
-0.001253	0	50.000015
-0.001377	0	49.997513
-0.000738	0	49.996269
0.001102	0	49.995285
0.003841	0	49.993607
0.005926	0	49.993103
0.006887	0	49.991783
0.007391	0	49.992172
0.006943	0	49.993759
0.006384	0	49.994362
0.005913	0	49.994614
0.005526	0	49.993416
0.005003	0	49.993004
0.00477	0	49.993683
0.005114	0	49.993774
0.005785	0	49.992706
0.006535	0	49.992157
0.005886	0	49.992386
0.00423	0	49.994148
0.003023	0	49.994522
0.001682	0	49.99411
0.00106	0	49.993065
0.00123	0	49.993027
0.003498	0	49.992996
0.004139	0	49.993668
0.003014	0	49.996109
0.003164	0	49.996986
0.003576	0	49.99691
0.005114	0	49.99736
0.005684	0	49.998756
0.006599	0	50.000755
0.005484	0	50.001099
0.003714	0	50.001297
0.000874	0	50.001335
-0.000902	0	50.001289
-0.00215	0	50.000633
-0.002584	0	50.000252
-0.002895	0	49.999779
-0.004061	0	50.00016
-0.005075	0	50.000458
-0.006367	0	50.001144
-0.007473	0	50.001076
-0.006128	0	50.002045
-0.005104	0	50.003998
-0.005909	0	50.003136
-0.006258	0	50.00338
-0.005131	0	50.003578
-0.003458	0	50.002808
-0.001446	0	50.002327
0.001211	0	50.002296
0.003946	0	50.003532
0.004381	0	50.002922
0.004234	0	50.003296
0.002411	0	50.004639
0.000435	0	50.004616
-0.001789	0	50.003845
-0.003399	0	50.003944
-0.004538	0	50.003426
-0.003984	0	50.002258
-0.003176	0	50.002098
-0.002529	0	50.004082
-0.002182	0	50.006874
-0.00119	0	50.008934
-0.001057	0	50.010071
0.000626	0	50.011147
0.001221	0	50.012466
-0.000114	0	50.013176
-0.00033	0	50.012764
-0.000114	0	50.011154
-0.000889	0	50.00988
-0.002625	0	50.008713
-0.003448	0	50.007507
-0.003458	0	50.008087
-0.004168	0	50.009514
-0.003176	0	50.010239
-0.003065	0	50.010284
-0.00251	0	50.01017
-0.001364	0	50.010414
-0.000114	0	50.010452
0.00017	0	50.01062
-0.000774	0	50.012077
-0.002054	0	50.013512
-0.00177	0	50.012665
-0.001501	0	50.010506
-0.002346	0	50.0084
-0.002369	0	50.006767
-0.002186	0	50.004585
-0.000523	0	50.003769
0.000622	0	50.002838
0.003731	0	50.00193
0.007505	0	50.001694
0.009615	0	50.001999
0.010529	0	50.002617
0.011757	0	50.004005
0.012129	0	50.005905
0.011919	0	50.005928
0.011141	0	50.00692
0.009352	0	50.006538
0.005402	0	50.005066
0.002026	0	50.003136
0.000357	0	50.003853
-0.000935	0	50.004417
-0.00215	0	50.0047
-0.002447	0	50.004745
-0.002245	0	50.005241
-2.3e-005	0	50.005737
0.001125	0	50.005058
-0.000353	0	50.004189
-0.001377	0	50.003227
-0.002045	0	50.004425
-0.002222	0	50.006714
-0.003988	0	50.007477
-0.003759	0	50.006668
-0.002693	0	50.005814
-0.001373	0	50.005363
-0.001646	0	50.002663
-0.00198	0	50.000511
-0.002974	0	49.999756
-0.003029	0	49.997612
-0.003706	0	49.99662
-0.004614	0	49.995712
-0.006289	0	49.995285
-0.006184	0	49.99585
-0.005081	0	49.995964
-0.003481	0	49.99675
-0.001865	0	49.996437
-0.000998	0	49.996605
0.000507	0	49.997108
0.003321	0	49.99575
0.00568	0	49.995613
0.008059	0	49.993179
0.009109	0	49.992302
0.006699	0	49.99202
0.004534	0	49.993492
0.003206	0	49.994308
0.000828	0	49.995049
-0.001532	0	49.994034
-0.003048	0	49.992928
-0.005085	0	49.993431
-0.005905	0	49.994041
-0.005085	0	49.997093
-0.003929	0	50.000343
-0.002497	0	50.00206
-0.002241	0	50.001854
-0.003376	0	50.001305
-0.003481	0	50.000771
-0.005545	0	50.002396
-0.007057	0	50.003075
-0.008673	0	50.002876
-0.011229	0	50.002678
-0.012138	0	50.001534
-0.013292	0	50.000046
-0.013634	0	49.998489
-0.013571	0	49.997124
-0.013868	0	49.996025
-0.012989	0	49.99556
-0.012459	0	49.994095
-0.011187	0	49.992882
-0.009855	0	49.991791
-0.008886	0	49.990509
-0.007721	0	49.98996
-0.006618	0	49.992172
-0.006531	0	49.995506
-0.006203	0	49.998032
-0.006124	0	49.999573
-0.005531	0	49.998741
-0.005659	0	49.998558
-0.007034	0	49.997955
-0.00778	0	49.996086
-0.00806	0	49.99427
-0.009567	0	49.991623
-0.010744	0	49.990288
-0.010128	0	49.99086
-0.009052	0	49.992004
-0.006281	0	49.99424
-0.00407	0	49.994843
-0.001419	0	49.995186
0.000772	0	49.99604
0.002552	0	49.998558
0.002777	0	50.000359
0.000832	0	50.001694
5.5e-005	0	50.001709
0.000114	0	50.002708
3.2e-005	0	50.003662
-0.000288	0	50.003128
-0.002008	0	50.002022
-0.003683	0	50.002991
-0.002411	0	50.003677
-0.000732	0	50.003883
0.000229	0	50.004257
0.000566	0	50.004463
0.001194	0	50.004082
0.001692	0	50.002525
0.003262	0	50.00103
0.005091	0	49.99942
0.006145	0	49.999786
0.00621	0	49.999741
0.004721	0	50.000282
0.003141	0	49.999329
0.00123	0	49.998665
-0.001213	0	49.999878
-0.002483	0	50.001274
-0.003723	0	50.000633
-0.001263	0	50.000458
0.000704	0	49.998894
0.002056	0	49.99794
0.002905	0	49.997078
0.002438	0	49.995918
0.002443	0	49.996498
0.003252	0	49.996788
0.003288	0	49.995613
0.003471	0	49.995468
0.003023	0	49.995361
0.002497	0	49.99424
0.001921	0	49.993095
0.000755	0	49.992538
-0.000683	0	49.992455
-0.000223	0	49.992271
-0.000427	0	49.992966
-0.000259	0	49.994514
-0.00209	0	49.995789
-0.002716	0	49.996918
-0.003805	0	49.997307
-0.005444	0	49.998489
-0.006445	0	49.998772
-0.005941	0	49.996506
-0.004816	0	49.99411
-0.003477	0	49.993629
-0.003176	0	49.993896
-0.002947	0	49.993698
-0.003723	0	49.993858
-0.005329	0	49.994102
-0.007093	0	49.993996
-0.007002	0	49.995995
-0.008402	0	49.997643
-0.009047	0	49.999786
-0.009914	0	50.001534
-0.009335	0	50.003563
-0.008142	0	50.003723
-0.007267	0	50.004517
-0.007414	0	50.007095
-0.007648	0	50.009262
-0.00869	0	50.009491
-0.010004	0	50.008186
-0.01046	0	50.005638
-0.010679	0	50.003319
-0.010986	0	50.001854
-0.009985	0	49.999657
-0.008631	0	49.99762
-0.007309	0	49.997299
-0.006779	0	49.996834
-0.005165	0	49.997528
-0.00329	0	49.999008
-0.00316	0	50.000771
-0.002676	0	50.000816
-0.002342	0	50.000488
-0.000751	0	50.001442
-4e-005	0	50.001877
-0.000265	0	50.003227
-0.002035	0	50.003098
-0.003719	0	50.003555
-0.004688	0	50.002998
-0.005768	0	50.003624
-0.004807	0	50.004128
-0.004522	0	50.002945
-0.004469	0	50.001205
-0.003595	0	50.000198
-0.004866	0	49.997314
-0.006079	0	49.995117
-0.008352	0	49.993378
-0.010845	0	49.992447
-0.013391	0	49.990456
-0.014566	0	49.988266
-0.01503	0	49.98671
-0.013428	0	49.985054
-0.011202	0	49.983742
-0.009809	0	49.983383
-0.008663	0	49.98349
-0.008883	0	49.98616
-0.00971	0	49.988953
-0.010717	0	49.991264
-0.011059	0	49.993729
-0.010246	0	49.997925
-0.009119	0	50.000648
-0.009649	0	50.002579
-0.010036	0	50.004395
-0.008846	0	50.005653
-0.008425	0	50.007362
-0.008499	0	50.009132
-0.008183	0	50.010162
-0.006157	0	50.010757
-0.005768	0	50.009644
-0.005211	0	50.007774
-0.005526	0	50.007599
-0.005617	0	50.007462
-0.004066	0	50.006706
-0.001331	0	50.006287
0.000622	0	50.005486
0.000845	0	50.004463
0.000435	0	50.002846
-6.3e-005	0	50.001488
0.000992	0	50.000465
0.003164	0	49.999855
0.003927	0	49.999847
0.003965	0	49.99926
0.004372	0	50.000168
0.002935	0	50.000908
0.001768	0	50.002113
0.000334	0	50.004463
0.000608	0	50.00634
0.001162	0	50.00753
0.001728	0	50.007797
0.002392	0	50.007057
0.002342	0	50.005104
0.002089	0	50.003479
0.00202	0	50.002495
0.001961	0	50.001869
0.002003	0	50.00296
0.00139	0	50.005219
-0.000177	0	50.005463
-0.000942	0	50.005005
-0.000259	0	50.003654
0.001987	0	50.000969
0.003632	0	49.999123
0.004028	0	49.999451
0.005136	0	50.000648
0.00709	0	50.001015
0.00819	0	50.001572
0.008936	0	50.001381
0.009319	0	50.001068
0.008507	0	50.000328
0.007162	0	49.999702
0.007637	0	50.000359
0.007185	0	50.00145
0.008478	0	50.002106
0.008936	0	50.003799
0.009645	0	50.005676
0.008743	0	50.007385
0.007244	0	50.00853
0.006813	0	50.009941
0.007813	0	50.010803
0.007843	0	50.010147
0.006695	0	50.008095
0.005991	0	50.007385
0.006283	0	50.007446
0.006895	0	50.006882
0.008327	0	50.007668
0.009569	0	50.007278
0.009596	0	50.008095
0.007524	0	50.00985
0.004019	0	50.011116
0.001398	0	50.012222
0.000521	0	50.012199
-0.000601	0	50.011993
-0.001312	0	50.009865
-0.002987	0	50.007507
-0.004538	0	50.004936
-0.004971	0	50.002754
-0.004711	0	50.001755
-0.004637	0	50.002281
-0.002359	0	50.003746
-0.001093	0	50.005447
-3.6e-005	0	50.006798
0.000635	0	50.006905
0.001247	0	50.008385
0.001476	0	50.011162
0.002388	0	50.012268
0.003023	0	50.013023
0.003298	0	50.011215
0.004185	0	50.006973
0.004025	0	50.00341
0.002378	0	50.000748
0.001669	0	49.997482
0.00201	0	49.995148
0.00145	0	49.994179
0.002333	0	49.993462
0.002457	0	49.993324
0.002163	0	49.992569
0.00069	0	49.992958
-0.00141	0	49.994026
-0.002813	0	49.996773
-0.003298	0	49.997963
-0.003353	0	49.998154
-0.003088	0	49.998619
-0.002855	0	49.999847
-0.003088	0	49.999237
-0.004221	0	49.998978
-0.005663	0	49.999336
-0.006151	0	49.998978
-0.006248	0	49.998131
-0.005182	0	49.997391
-0.00493	0	49.99617
-0.004478	0	49.99617
-0.00268	0	49.9972
-0.001135	0	49.996979
-0.000896	0	49.995918
-0.002054	0	49.994781
-0.003326	0	49.995728
-0.003723	0	49.995743
-0.004765	0	49.995895
-0.0075	0	49.994476
-0.00959	0	49.993111
-0.010983	0	49.992851
-0.012711	0	49.993164
-0.015675	0	49.994041
-0.017412	0	49.995262
-0.018414	0	49.994949
-0.018642	0	49.995064
-0.017349	0	49.99559
-0.016663	0	49.997139
-0.015455	0	49.998466
-0.014889	0	50.000511
-0.013561	0	50.003036
-0.012625	0	50.003723
-0.010672	0	50.005089
-0.008251	0	50.004128
-0.008224	0	50.004684
-0.009001	0	50.005028
-0.00881	0	50.005699
-0.007408	0	50.006851
-0.005764	0	50.007332
-0.003317	0	50.006737
-0.002268	0	50.004601
-0.002653	0	50.002747
-0.003641	0	50.001762
-0.003092	0	50.000999
-0.001554	0	49.999466
-0.000408	0	49.997543
0.002693	0	49.996582
0.005791	0	49.99585
0.006704	0	49.993996
0.007761	0	49.994499
0.007666	0	49.99485
0.006842	0	49.994865
0.006086	0	49.995605
0.006197	0	49.996407
0.00606	0	49.997353
0.006001	0	49.999184
0.005104	0	50.000999
0.00499	0	50.003082
0.002781	0	50.003792
0.000242	0	50.004425
-0.002222	0	50.004349
-0.003687	0	50.002808
-0.004084	0	50.000725
-0.00548	0	50.000389
-0.006805	0	50.000679
-0.007454	0	49.999191
-0.005257	0	49.998329
-0.003942	0	49.998627
-0.00404	0	49.998947
-0.004349	0	49.998093
-0.003056	0	49.99781
-0.002951	0	49.997437
-0.003668	0	49.996689
-0.004833	0	49.995567
-0.006212	0	49.996666
-0.008009	0	49.997963
-0.008915	0	49.999741
-0.008575	0	50.000832
-0.007463	0	50.003159
-0.006582	0	50.004036
-0.004747	0	50.004364
-0.003746	0	50.005341
-0.00297	0	50.00605
-0.001541	0	50.006287
0.000589	0	50.006851
0.002201	0	50.006729
0.002323	0	50.006355
0.001633	0	50.006706
0.000553	0	50.008682
0.000242	0	50.010208
0.000425	0	50.009933
-0.000305	0	50.009262
-0.000893	0	50.006615
-0.001387	0	50.004868
-0.00176	0	50.006157
-0.002533	0	50.008621
-0.002722	0	50.009392
-0.003962	0	50.01107
-0.00267	0	50.011635
-0.001692	0	50.011574
-0.001341	0	50.010834
-0.000938	0	50.008339
0.00032	0	50.006348
0.000389	0	50.004257
0.002512	0	50.004745
0.004486	0	50.00518
0.005571	0	50.005859
0.006233	0	50.00502
0.00588	0	50.003433
0.005863	0	50.002876
0.007414	0	50.00235
0.008177	0	50.002708
0.007689	0	50.005241
0.005571	0	50.008247
0.003736	0	50.008904
0.002895	0	50.007988
0.002777	0	50.006538
0.001558	0	50.006638
0.002493	0	50.005402
0.005634	0	50.004379
0.007158	0	50.004921
0.007593	0	50.006813
0.008045	0	50.008987
0.00799	0	50.009209
0.009418	0	50.007431
0.009687	0	50.005028
0.008894	0	50.004822
0.007866	0	50.004143
0.007391	0	50.00322
0.008108	0	50.002159
0.008059	0	50.001335
0.007675	0	50.001068
0.005566	0	50.001007
0.003361	0	50.00174
0.001522	0	50.00177
0.000229	0	50.001534
0.00017	0	50.001587
-0.001026	0	50.002991
-0.001026	0	50.00444
-0.001583	0	50.005775
-0.001934	0	50.006149
-0.001963	0	50.006996
-0.00103	0	50.006058
0.001476	0	50.004601
0.003397	0	50.00309
0.004139	0	50.00148
0.002958	0	50.000153
0.001587	0	49.999741
0.000311	0	49.999481
0.000549	0	49.999504
-0.000906	0	49.999191
-0.002657	0	49.999138
-0.004354	0	49.999115
-0.005444	0	49.999474
-0.007437	0	50.000214
-0.007854	0	50.000267
-0.006847	0	50.001022
-0.005545	0	50.001923
-0.004921	0	50.003937
-0.00425	0	50.004539
-0.004902	0	50.005226
-0.005362	0	50.00444
-0.005938	0	50.004875
-0.006212	0	50.004616
-0.006508	0	50.004456
-0.005735	0	50.005592
-0.004765	0	50.005981
-0.004646	0	50.006561
-0.004698	0	50.005722
-0.004856	0	50.003296
-0.004395	0	50.00032
-0.003481	0	49.997078
-0.003376	0	49.995476
-0.001774	0	49.995476
-0.001154	0	49.996399
-0.001577	0	49.997253
-0.002337	0	49.99752
-0.003016	0	49.999512
-0.001167	0	50.000343
0.000677	0	50.001915
0.003187	0	50.004372
0.00429	0	50.005844
0.004639	0	50.006287
0.00494	0	50.006355
0.004822	0	50.006622
0.004629	0	50.004883
0.003736	0	50.004242
0.003576	0	50.001915
0.003531	0	50.000511
0.002438	0	49.998787
0.002094	0	49.99659
0.003635	0	49.994415
0.004881	0	49.991959
0.008036	0	49.990425
0.009678	0	49.989914
0.010195	0	49.990356
0.011236	0	49.992439
0.011909	0	49.994278
0.011883	0	49.997749
0.01185	0	50.001358
0.01125	0	50.00399
0.009573	0	50.004089
0.008333	0	50.003815
0.006895	0	50.002251
0.006132	0	50.000038
0.007616	0	49.997513
0.009439	0	49.995964
0.010839	0	49.995995
0.011883	0	49.996811
0.012587	0	49.998749
0.013208	0	50.00045
0.01432	0	50.001114
0.015015	0	50.001785
0.015316	0	50.002518
0.01405	0	50.003242
0.011801	0	50.004616
0.012499	0	50.005508
0.011938	0	50.005356
0.010578	0	50.005623
0.008347	0	50.005478
0.007633	0	50.00531
0.008183	0	50.006126
0.006836	0	50.006592
0.004734	0	50.007423
0.001057	0	50.008362
-0.001629	0	50.009117
-0.002979	0	50.009506
-0.004168	0	50.008461
-0.006737	0	50.00631
-0.009161	0	50.003746
-0.011105	0	50.002861
-0.011156	0	50.002914
-0.010233	0	50.003487
-0.008114	0	50.003281
-0.007057	0	50.003036
-0.005568	0	50.003593
-0.003925	0	50.00528
-0.001911	0	50.006126
0.000772	0	50.005966
0.001928	0	50.004753
0.002686	0	50.002815
0.003489	0	50.000938
0.004517	0	49.999855
0.005671	0	49.998436
0.005936	0	49.997589
0.006292	0	49.997063
0.005653	0	49.996445
0.00428	0	49.99617
0.003855	0	49.996857
0.004028	0	49.997498
0.003809	0	50.000374
0.002562	0	50.000725
0.001993	0	50.000343
0.002411	0	49.999664
0.003635	0	49.999603
0.0037	0	50.000465
0.004025	0	50.002167
0.005373	0	50.003418
0.004629	0	50.003975
0.003658	0	50.00499
0.001728	0	50.004097
0.001778	0	50.003387
0.000717	0	50.002342
0.000933	0	50.002441
0.001284	0	50.003014
0.000942	0	50.003426
-5.5e-005	0	50.003189
0.000645	0	50.003647
0.00145	0	50.004883
0.002163	0	50.006187
0.004175	0	50.005669
0.006659	0	50.005646
0.009645	0	50.006622
0.011942	0	50.00676
0.012554	0	50.006866
0.011164	0	50.006523
0.010263	0	50.005508
0.008209	0	50.004829
0.00621	0	50.005089
0.005831	0	50.004883
0.005598	0	50.005028
0.005955	0	50.004654
0.006571	0	50.003014
0.006521	0	50.00296
0.006329	0	50.003006
0.00708	0	50.003944
0.007011	0	50.003929
0.006554	0	50.004547
0.005968	0	50.005226
0.005415	0	50.004913
0.004711	0	50.004959
0.004078	0	50.005318
0.004248	0	50.003059
0.004875	0	50.001961
0.00477	0	50.001221
0.00494	0	50.000275
0.003983	0	49.999184
0.002932	0	49.997208
-0.000313	0	49.996689
-0.003193	0	49.997475
-0.003536	0	49.998917
-0.002022	0	49.999733
-0.000952	0	50.001122
-0.000984	0	50.002762
-0.000412	0	50.003677
0.000818	0	50.002602
0.000521	0	50.002335
0.000301	0	50.001038
-0.000866	0	50.000259
-0.001396	0	49.999924
-0.000792	0	49.998329
0.000534	0	49.996933
0.002214	0	49.997231
0.002991	0	49.996384
0.001925	0	49.995255
0.000174	0	49.994125
-0.00156	0	49.994675
-0.003098	0	49.995712
-0.002071	0	49.997391
-0.002104	0	49.99791
-0.001884	0	49.998604
-0.002054	0	50.000626
-0.001871	0	50.002586
-2.7e-005	0	50.00444
0.001276	0	50.005447
0.001614	0	50.004837
0.002251	0	50.004425
0.001064	0	50.004631
-0.000542	0	50.005081
-0.001551	0	50.006645
-0.002611	0	50.006485
-0.00235	0	50.004845
-0.001957	0	50.003136
-0.000919	0	50.001945
0.000874	0	50.002197
0.001266	0	50.002541
0.00054	0	50.003471
-0.000883	0	50.002419
-0.000948	0	50.001205
-0.00141	0	50.001366
-0.002855	0	50.002342
-0.003883	0	50.002136
-0.003778	0	50.000839
-0.002869	0	49.99881
-0.002855	0	49.996155
-0.002602	0	49.994003
-0.001711	0	49.992973
-0.002163	0	49.992508
-0.004404	0	49.991074
-0.006426	0	49.9888
-0.00672	0	49.98819
-0.007025	0	49.986855
-0.007849	0	49.988434
-0.009211	0	49.988968
-0.009102	0	49.988174
-0.006449	0	49.986694
-0.00371	0	49.986427
-0.002878	0	49.985992
-0.000614	0	49.988045
0.001682	0	49.989952
0.001823	0	49.99279
0.001398	0	49.996506
0.000763	0	49.999405
-0.000242	0	50.001167
-0.000631	0	50.000847
-0.001587	0	50.000175
-0.001738	0	50.000313
-0.002712	0	50.002235
-0.004404	0	50.005844
-0.004198	0	50.007324
-0.004007	0	50.006706
-0.004591	0	50.005318
-0.004505	0	50.004379
-0.004181	0	50.004158
-0.004002	0	50.004311
-0.00387	0	50.003242
-0.004642	0	50.001076
-0.005421	0	50.000786
-0.005251	0	50.000587
-0.006536	0	50.000305
-0.005873	0	50.000183
-0.005796	0	49.999275
-0.005993	0	49.998222
-0.00676	0	49.998619
-0.00713	0	49.997673
-0.007753	0	49.996811
-0.008097	0	49.99749
-0.008375	0	49.998802
-0.009981	0	50.000717
-0.013512	0	50.001534
-0.015436	0	50.00135
-0.017307	0	50.000702
-0.0182	0	49.999954
-0.017017	0	49.998634
-0.015062	0	49.997314
-0.013044	0	49.997017
-0.013172	0	49.99588
-0.013649	0	49.995003
-0.013208	0	49.993149
-0.01133	0	49.99292
-0.009239	0	49.994125
-0.008234	0	49.995308
-0.006815	0	49.996498
-0.004957	0	49.998154
-0.003267	0	49.999619
-0.002722	0	50.000229
-0.001774	0	49.998886
-1e-005	0	49.997704
0.000412	0	49.996857
0.001444	0	49.996468
0.001368	0	49.995834
0.003576	0	49.994324
0.005529	0	49.992645
0.007359	0	49.990547
0.00676	0	49.989037
0.005379	0	49.986404
0.003096	0	49.983536
0.000923	0	49.982185
-0.001793	0	49.982018
-0.004309	0	49.981705
-0.006317	0	49.980568
-0.008293	0	49.981293
-0.009216	0	49.982269
-0.010685	0	49.982262
-0.012285	0	49.983772
-0.013853	0	49.985435
-0.013584	0	49.987694
-0.011621	0	49.990471
-0.009468	0	49.992119
-0.007744	0	49.993263
-0.00444	0	49.993248
-0.001675	0	49.992973
0.000225	0	49.993416
0.00124	0	49.993179
0.001329	0	49.992432
0.001211	0	49.991829
0.001217	0	49.993378
0.002163	0	49.994247
0.002489	0	49.995033
0.002817	0	49.995781
0.004221	0	49.995667
0.004343	0	49.995995
0.003357	0	49.995491
0.001944	0	49.995697
0.000626	0	49.997688
0.000307	0	49.999382
0.00091	0	50.000511
0.001207	0	50.000595
0.002094	0	49.999138
0.003004	0	49.996483
0.005077	0	49.994408
0.005428	0	49.993309
0.00762	0	49.993675
0.007584	0	49.993469
0.00778	0	49.992348
0.007168	0	49.992027
0.006403	0	49.991928
0.006197	0	49.992004
0.004875	0	49.990715
0.00478	0	49.990219
0.004835	0	49.989601
0.00358	0	49.990562
0.003965	0	49.990608
0.00423	0	49.989365
0.004807	0	49.988953
0.005222	0	49.988205
0.004675	0	49.987854
0.001879	0	49.986771
-0.001062	0	49.985893
-0.003847	0	49.986465
-0.005136	0	49.986328
-0.007185	0	49.986847
-0.009325	0	49.987915
-0.011709	0	49.989067
-0.012966	0	49.989716
-0.012962	0	49.990242
-0.013506	0	49.991875
-0.013781	0	49.994156
-0.013716	0	49.996552
-0.011484	0	49.998184
-0.00939	0	49.999229
-0.006824	0	50.00032
-0.003948	0	50.001503
-0.001894	0	50.002068
0.001217	0	50.002113
0.003151	0	50.002441
0.004538	0	50.001114
0.005095	0	50.000671
0.004389	0	49.999405
0.003517	0	49.998352
0.001997	0	49.997345
0.00107	0	49.996254
8.8e-005	0	49.995651
-0.000906	0	49.995796
-0.001789	0	49.996574
-0.002054	0	49.99678
-0.00297	0	49.997124
-0.004011	0	49.99839
-0.001062	0	49.999756
0.001823	0	50.001831
0.005163	0	50.002464
0.008245	0	50.002151
0.009632	0	50.003952
0.011511	0	50.004646
0.012806	0	50.004509
0.014238	0	50.003891
0.016016	100	50.001556
0.017586	100	49.999352
0.019173	100	49.996513
0.017572	100	49.994385
0.014164	100	49.99295
0.010962	100	49.99276
0.007469	100	49.992081
0.004757	100	49.991776
0.004124	100	49.991814
0.004139	100	49.993988
0.004616	100	49.996407
0.004944	100	49.998711
0.004692	100	49.999855
0.005032	100	49.999794
0.004467	100	49.999901
0.004803	100	49.999435
0.004911	100	49.999886
0.00444	100	49.999565
0.004002	100	49.998337
0.003178	100	49.997635
0.000845	100	49.996483
-0.000647	100	49.996162
-0.000889	100	49.995934
-0.000147	100	49.997047
0.00058	100	49.99852
0.000746	100	49.999611
0.001879	100	49.999199
0.002739	100	50.000259
0.002457	100	50.000908
0.001783	100	50.001572
0.002716	100	50.001625
0.004473	100	50.000748
0.006165	100	49.999901
0.008602	100	49.998611
0.009661	100	49.996857
0.011488	100	49.996597
0.01362	100	49.996391
0.014732	100	49.996788
0.017448	100	49.997078
0.02058	100	49.998413
0.0243	100	49.999809
0.026819	100	49.999969
0.029181	100	49.999275
0.030785	100	49.999336
0.03422	100	49.999283
0.03727	100	50.000114
0.039406	100	50.001923
0.042795	100	50.004562
0.047195	100	50.006042
0.05197	100	50.006866
0.056681	100	50.00634
0.057884	100	50.005836
0.059416	100	50.005547
0.062475	100	50.005066
0.065847	100	50.004608
0.067837	100	50.005775
0.070457	100	50.005875
0.073343	100	50.006058
0.079145	100	50.006058
0.085445	100	50.005371
0.0921	100	50.004845
0.097153	100	50.003288
0.101233	100	50.002586
0.106108	100	50.001549
0.112406	100	50.000648
0.119724	100	49.998993
0.127056	100	49.998589
0.134424	100	49.998085
0.142422	100	49.998627
0.149256	100	49.999931
0.156034	100	50.000877
0.162718	100	50.00325
0.169971	100	50.004318
0.178331	100	50.006264
0.186024	100	50.006973
0.19282	100	50.007797
0.20096	100	50.005547
0.210091	100	50.00235
0.219013	100	50.000183
0.226982	100	50.000107
0.235529	100	49.999878
0.245783	100	50.000038
0.254751	100	50.000366
0.264357	100	50.000313
0.274071	100	50.00045
0.284819	100	50.001915
0.2941	100	50.003098
0.302958	100	50.003906
0.312845	100	50.006477
0.323179	100	50.009911
0.334105	100	50.012535
0.343985	100	50.013901
0.354527	100	50.014465
0.365843	100	50.0131
0.377886	100	50.011307
0.390654	100	50.008896
0.40486	100	50.005669
0.420141	100	50.003983
0.434711	100	50.001251
0.449709	100	49.998985
0.465086	100	49.997108
0.481346	100	49.996689
0.497116	100	49.996101
0.510324	100	49.998032
0.523785	100	49.999794
0.537931	100	50.002098
0.551579	100	50.00386
0.565784	100	50.00518
0.580124	100	50.005775
0.595947	100	50.005554
0.613022	100	50.005653
0.631472	100	50.006912
0.649332	100	50.006691
0.667576	100	50.004959
0.686285	100	50.003235
0.705433	100	50.002533
0.723997	100	50.004234
0.741978	100	50.005669
0.761248	100	50.007195
0.778984	100	50.007858
0.7966	100	50.009178
0.815746	100	50.009987
0.835854	100	50.010506
0.85631	100	50.010048
0.874971	100	50.010399
0.894886	100	50.011711
0.913975	100	50.012192
0.934671	100	50.011803
0.956699	100	50.010757
0.979893	100	50.011169
1.00358	100	50.011017
1.02643	100	50.009911
1.049139	100	50.007141
1.071686	100	50.003952
1.095503	100	50.002197
1.11945	100	50.001785
1.142416	100	50.002319
1.165962	100	50.00013
1.189768	100	49.998711
1.214928	100	49.997307
1.242826	100	49.995491
1.270132	100	49.995888
1.296974	100	49.996765
1.323956	100	49.996872
1.351137	100	49.99762
1.378309	100	49.997574
1.406008	100	49.997337
1.434742	100	49.998573
1.465956	100	50.000351
1.4965	100	50.001175
1.528	100	50.002068
1.558332	100	50.002495
1.589872	100	50.003433
1.621454	100	50.00502
1.653418	100	50.007484
1.684746	100	50.009041
1.715189	100	50.009583
1.746908	100	50.010742
1.778933	100	50.011658
1.812126	100	50.012474
1.846127	100	50.011665
1.880238	100	50.010262
1.913155	100	50.008194
1.945801	100	50.00634
1.978729	100	50.006058
2.013004	100	50.004707
2.045731	100	50.005127
2.079241	100	50.004448
2.112841	100	50.002075
2.147383	100	49.999794
2.182045	100	49.999878
2.216459	100	50.000565
2.252144	100	50.000931
2.288065	100	50.000732
2.323294	100	49.998901
2.358171	100	49.999687
2.393106	100	49.99987
2.43079	100	49.999054
2.468382	100	49.998329
2.507141	100	49.997353
2.547361	100	49.998032
2.587666	100	49.998192
2.627119	100	49.997581
2.665546	100	49.997665
2.703535	100	49.997444
2.743685	100	49.996117
2.783669	100	49.993904
2.824434	100	49.99321
2.865736	100	49.99324
2.907696	100	49.993164
2.949856	100	49.993011
2.992096	100	49.99292
3.0355	100	49.994133
3.078693	100	49.994568
3.121857	100	49.996162
3.162897	100	49.997139
3.2038	100	49.997734
3.244894	100	49.996841
3.28717	100	49.996201
3.329866	100	49.996063
3.372965	100	49.995468
3.416014	100	49.995598
3.460804	100	49.996025
3.506151	100	49.99646
3.550598	100	49.998108
3.595133	100	50.000221
3.641037	100	50.002686
3.687307	100	50.004639
3.733091	100	50.006386
3.780466	100	50.007721
3.827707	100	50.008949
3.875353	100	50.00914
3.920921	100	50.008293
3.967472	100	50.007912
4.014418	100	50.007889
4.063253	100	50.007324
4.112316	100	50.006378
4.160414	100	50.004562
4.206997	100	50.002563
4.253374	100	50.000717
4.300131	100	50.000046
4.34675	100	50.000298
4.393559	100	50.000778
4.444233	100	49.999573
4.49494	100	49.997772
4.545135	100	49.996689
4.595636	100	49.997429
4.64645	100	49.998978
4.698544	100	50.001862
4.750393	100	50.005302
4.803368	100	50.006859
4.855694	100	50.00853
4.910322	100	50.010178
4.966967	100	50.01149
5.022032	100	50.011963
5.077959	100	50.011536
5.133909	100	50.009796
5.189013	100	50.008331
5.243219	100	50.00663
5.297695	100	50.005905
5.35224	100	50.005318
5.405714	100	50.004593
5.460756	100	50.004974
5.515814	100	50.005928
5.571524	100	50.005997
5.627007	100	50.005356
5.684267	100	50.004967
5.742064	100	50.004837
5.800262	100	50.004303
5.858341	100	50.002518
5.915173	100	50.002464
5.972345	100	50.003937
6.030636	100	50.00489
6.089294	100	50.00444
6.148642	100	50.003525
6.20826	100	50.002014
6.269577	100	50.000153
6.329809	100	50.000984
6.390907	100	50.002258
6.451212	100	50.002731
6.513237	100	50.003937
6.574409	100	50.005936
6.635069	100	50.006561
6.69611	100	50.008415
6.755959	100	50.008476
6.816999	100	50.008118
6.877949	100	50.008286
6.938921	100	50.008133
7.000278	100	50.008949
7.061434	100	50.00901
7.123421	100	50.008598
7.185385	100	50.008034
7.248404	100	50.007881
7.312593	100	50.007286
7.377802	100	50.006775
7.442707	100	50.007431
7.507332	100	50.009048
7.572199	100	50.00927
7.637877	100	50.007889
7.703604	100	50.006752
7.768963	100	50.005959
7.835217	100	50.005386
7.90239	100	50.005402
7.968142	100	50.004761
8.034201	100	50.004967
8.100388	100	50.00367
8.16877	100	50.001549
8.237329	100	50.000168
8.30541	100	49.998726
8.3727	100	49.99678
8.438904	100	49.995163
8.505836	100	49.993607
8.573605	100	49.993805
8.642954	100	49.994995
8.712826	100	49.99707
8.782455	100	49.996635
8.853186	100	49.995537
8.923052	100	49.99427
8.993366	100	49.993729
9.064257	100	49.992836
9.137419	100	49.992691
9.210438	100	49.993141
9.282764	100	49.993492
9.355764	100	49.993912
9.429682	100	49.994362
9.500105	100	49.994659
9.57144	100	49.99559
9.642904	100	49.995995
9.714594	100	49.996864
9.786732	100	49.99839
9.85948	100	49.998962
9.931717	100	49.99913
10.003263	100	49.999168
10.075268	100	49.999847
10.147247	100	49.999313
10.219011	100	49.999321
10.293896	100	49.998795
10.368624	100	49.996643
10.442141	100	49.992928
10.515882	100	49.992111
10.591238	100	49.992081
10.666723	100	49.99295
10.743221	100	49.99398
10.820547	100	49.995087
10.897625	100	49.995361
10.973602	100	49.995667
11.050222	100	49.996414
11.127451	100	49.996124
11.20578	100	49.995865
11.283644	100	49.995735
11.362108	100	49.993942
11.442158	100	49.993095
11.521343	100	49.991631
11.598679	100	49.989998
11.674967	100	49.989349
11.751713	100	49.989319
11.828106	100	49.988785
11.904804	100	49.987625
11.981657	100	49.987633
12.058926	100	49.985931
12.137634	100	49.983566
12.216196	100	49.982559
12.296799	100	49.983803
12.378803	100	49.984909
12.46023	100	49.986122
12.54134	100	49.988853
12.622915	100	49.990974
12.704777	100	49.990562
12.787283	100	49.990372
12.87035	100	49.991226
12.951975	100	49.991776
13.03332	100	49.991463
13.115992	100	49.990089
13.198352	100	49.988708
13.279611	100	49.988739
13.361062	100	49.988609
13.443666	100	49.98745
13.527075	100	49.985741
13.608381	100	49.983711
13.688837	100	49.982895
13.769828	100	49.982841
13.851761	100	49.983406
13.933933	100	49.984756
14.016158	100	49.98616
14.098801	100	49.987526
14.182258	100	49.988327
14.265535	100	49.988289
14.34909	100	49.989754
14.433263	100	49.990616
14.516547	100	49.991089
14.598921	100	49.990219
14.681584	100	49.989326
14.763652	100	49.989578
14.845743	100	49.990829
14.928497	100	49.990799
15.01127	100	49.99057
15.094157	100	49.990501
15.180232	100	49.991943
15.266506	100	49.992126
15.354039	100	49.993225
15.440626	100	49.994026
15.528182	100	49.993324
15.616196	100	49.992851
15.704277	100	49.99234
15.79124	100	49.990303
15.878554	100	49.989204
15.968515	100	49.989441
16.058258	100	49.988861
16.147858	100	49.989113
16.237144	100	49.98848
16.327106	100	49.988937
16.414545	100	49.988953
16.501694	100	49.989105
16.591106	100	49.989861
16.681137	100	49.990402
16.772026	100	49.991547
16.861759	100	49.993431
16.950848	100	49.993446
17.039459	100	49.993301
17.129534	100	49.993942
17.220537	100	49.994362
17.309616	100	49.993477
17.398121	100	49.992203
17.486771	100	49.992226
17.576399	100	49.992615
17.666424	100	49.99366
17.758055	100	49.993279
17.849249	100	49.992287
17.940632	100	49.9907
18.031204	100	49.989838
18.12146	100	49.989822
18.210655	100	49.988892
18.301563	100	49.988503
18.392342	100	49.989243
18.482876	100	49.992058
18.574215	100	49.99408
18.664696	100	49.996086
18.755581	100	49.995941
18.847805	100	49.996452
18.939762	100	49.995911
19.032104	100	49.995934
19.124695	100	49.995758
19.218819	100	49.994713
19.313545	100	49.993629
19.408844	100	49.994041
19.503658	100	49.994759
19.596939	100	49.995468
19.690079	100	49.995094
19.783224	100	49.994087
19.87677	100	49.992455
19.971003	100	49.990997
20.065716	100	49.99128
20.162384	100	49.992409
20.259703	100	49.9916
20.357361	100	49.991028
20.455389	100	49.990433
20.553711	100	49.989616
20.649347	100	49.988441
20.742765	100	49.986893
20.835701	100	49.986145
20.928862	100	49.985947
21.022272	100	49.986221
21.115936	100	49.985222
21.209297	100	49.984337
21.303875	100	49.984451
21.399235	100	49.984169
21.495739	100	49.985329
21.592026	100	49.985718
21.686882	100	49.985077
21.782255	100	49.984146
21.878143	100	49.983162
21.973391	100	49.98188
22.069687	100	49.980446
22.167465	100	49.98037
22.265215	100	49.979767
22.361277	100	49.978447
22.456129	100	49.977661
22.551044	100	49.976738
22.645901	100	49.97493
22.742985	100	49.974884
22.841145	100	49.974548
22.938957	100	49.973862
23.038235	100	49.974342
23.137177	100	49.975319
23.234943	100	49.975433
23.332802	100	49.977081
23.430973	100	49.979019
23.52928	100	49.980331
23.627647	100	49.981461
23.724096	100	49.981361
23.821274	100	49.980461
23.919502	100	49.980064
24.020046	100	49.980759
24.119688	100	49.981979
24.220284	100	49.982254
24.321695	100	49.982155
24.423361	100	49.981239
24.525524	100	49.980515
24.625141	100	49.978584
24.72517	100	49.977707
24.82589	100	49.976891
24.926462	100	49.976608
25.027412	100	49.975685
25.127916	100	49.976555
25.228228	100	49.979126
25.327311	100	49.981895
25.427942	100	49.98288
25.528683	100	49.983788
25.628523	100	49.985092
25.728304	100	49.984795
25.828093	100	49.983932
25.926241	100	49.982414
26.025991	100	49.979813
26.126534	100	49.976723
26.225742	100	49.975006
26.325644	100	49.974129
26.425268	100	49.972969
26.524708	100	49.972321
26.624638	100	49.971992
26.724733	100	49.970116
26.825144	100	49.969482
26.926388	100	49.968842
27.02747	100	49.967789
27.129211	100	49.968605
27.230539	100	49.970314
27.333212	100	49.971794
27.434988	100	49.972397
27.53578	100	49.973061
27.637882	100	49.973984
27.739985	100	49.9757
27.842171	100	49.976547
27.944607	100	49.977509
28.046585	100	49.978401
28.14743	100	49.97934
28.248274	100	49.980385
28.349491	100	49.98037
28.450878	100	49.981186
28.553646	100	49.981606
28.65732	100	49.98143
28.761431	100	49.980423
28.866222	100	49.98024
28.970268	100	49.980698
29.073643	100	49.980675
29.17536	100	49.980339
29.278734	100	49.981323
29.380894	100	49.982811
29.483025	100	49.984055
29.587086	100	49.987068
29.691065	100	49.988831
29.796133	100	49.988701
29.899565	100	49.989388
30.003374	100	49.990906
30.107784	100	49.992249
30.212246	100	49.994286
30.316862	100	49.995384
30.421429	100	49.994934
30.525269	100	49.995148
30.629234	100	49.995033
30.733137	100	49.996208
30.836735	100	49.997154
30.939083	100	49.99942
31.042517	100	50.000999
31.147264	100	50.003502
31.252033	100	50.005829
31.356197	100	50.00676
31.460669	100	50.004776
31.565977	100	50.003036
31.670763	100	50.001625
31.776112	100	49.999992
31.880207	100	49.998253
31.984184	100	49.995842
32.087933	100	49.992401
32.19249	100	49.990791
32.296535	100	49.988449
32.400009	100	49.988663
32.50246	100	49.989365
32.604736	100	49.989143
32.708519	100	49.989822
32.814602	100	49.99128
32.921116	100	49.991684
33.027939	100	49.990517
33.134415	100	49.989418
33.240261	100	49.987465
33.34568	100	49.985374
33.451118	100	49.983788
33.556583	100	49.983047
33.662823	100	49.982834
33.768082	100	49.983971
33.873089	100	49.985085
33.978939	100	49.985901
34.085423	100	49.986168
34.191917	100	49.986328
34.298378	100	49.987816
34.404785	100	49.988136
34.510944	100	49.989723
34.615887	100	49.990173
34.721355	100	49.988586
34.826576	100	49.986702
34.932888	100	49.984489
35.039639	100	49.982155
35.145996	100	49.980621
35.25108	100	49.980164
35.356014	100	49.979233
35.460567	100	49.980011
35.565872	100	49.982735
35.671776	100	49.98539
35.7785	100	49.987122
35.88459	100	49.988914
35.990273	100	49.989677
36.095284	100	49.988724
36.202873	100	49.988052
36.309715	100	49.987877
36.417023	100	49.987411
36.52343	100	49.987015
36.628578	100	49.987526
36.734848	100	49.988243
36.841774	100	49.988808
36.948498	100	49.988846
37.057053	100	49.989418
37.165184	100	49.990005
37.272633	100	49.990974
37.380955	100	49.991737
37.489388	100	49.99221
37.596294	100	49.991821
37.70303	100	49.990891
37.810719	100	49.988594
37.918629	100	49.987923
38.025948	100	49.986618
38.132133	100	49.985184
38.238094	100	49.984726
38.344238	100	49.984802
38.452206	100	49.984474
38.560032	100	49.985008
38.667088	100	49.98452
38.774429	100	49.984665
38.881077	100	49.98365
38.98909	100	49.982605
39.096626	100	49.982468
39.202843	100	49.981407
39.308674	100	49.980682
39.415134	100	49.979919
39.521748	100	49.977417
39.629704	100	49.974342
39.738728	100	49.972282
39.846687	100	49.972366
39.956165	100	49.974556
40.064713	100	49.974319
40.17403	100	49.973351
40.283226	100	49.972946
40.392807	100	49.973068
40.501625	100	49.971664
40.609299	100	49.970566
40.716896	100	49.971458
40.825188	100	49.97242
40.933472	100	49.974625
41.040787	100	49.97718
41.146896	100	49.979782
41.251724	100	49.980034
41.358505	100	49.980385
41.466988	100	49.981369
41.575356	100	49.981941
41.683674	100	49.982391
41.791046	100	49.983879
41.896568	100	49.984673
42.002399	100	49.985321
42.110058	100	49.985344
42.218197	100	49.985817
42.324841	100	49.986504
42.432083	100	49.988121
42.53801	100	49.989609
42.643452	100	49.991692
42.748299	100	49.995277
42.853333	100	49.99675
42.959118	100	49.998131
43.064247	100	50.001488
43.17025	100	50.00238
43.278027	100	50.003334
43.387386	100	50.002472
43.495003	100	50.001778
43.602226	100	50.000206
43.709042	100	49.998993
43.815434	100	49.998627
43.92281	100	49.997787
44.029915	100	49.997116
44.136425	100	49.996971
44.243622	100	49.995384
44.351658	100	49.992508
44.459732	100	49.989563
44.567394	100	49.987534
44.674633	100	49.986229
44.782089	100	49.985733
44.891068	100	49.984238
44.999542	100	49.982765
45.107891	100	49.982826
45.216431	100	49.982727
45.324528	100	49.981667
45.433395	100	49.980553
45.541374	100	49.980095
45.648605	100	49.979805
45.754517	100	49.979927
45.859623	100	49.980698
45.964996	100	49.982819
46.068893	100	49.986069
46.173843	100	49.989853
46.279408	100	49.992226
46.385544	100	49.99453
46.491695	100	49.996361
46.597649	100	49.997108
46.704666	100	49.996338
46.811195	100	49.995743
46.916664	100	49.994339
47.02256	100	49.994034
47.130508	100	49.994377
47.238575	100	49.995071
47.34761	100	49.995644
47.456749	100	49.99675
47.566246	100	49.999039
47.676971	100	49.999077
47.786057	100	49.997093
47.895271	100	49.996483
48.003487	100	49.995613
48.111626	100	49.993767
48.218857	100	49.992241
48.327271	100	49.991447
48.435959	100	49.989983
48.543159	100	49.988197
48.648926	100	49.986778
48.755951	100	49.986076
48.863045	100	49.98513
48.970112	100	49.985741
49.077148	100	49.987114
49.183441	100	49.990311
49.290401	100	49.993484
49.398346	100	49.994888
49.506653	100	49.995972
49.614212	100	49.997032
49.72184	100	49.995628
49.828297	100	49.995979
49.93494	100	49.997055
50.042206	100	49.998489
50.149162	100	49.999031
50.256142	100	49.997429
50.362751	100	49.9953
50.469437	100	49.993073
50.575115	100	49.991112
50.681499	100	49.990509
50.78788	100	49.990265
50.893211	100	49.991127
50.997253	100	49.992111
51.102448	100	49.992668
51.208668	100	49.992973
51.315163	100	49.992943
51.423229	100	49.993752
51.532211	100	49.993843
51.642616	100	49.99202
51.752697	100	49.990875
51.860943	100	49.989655
51.966526	100	49.989082
52.070663	100	49.987389
52.17601	100	49.985428
52.281708	100	49.983765
52.388714	100	49.982704
52.497948	100	49.980766
52.606133	100	49.980385
52.714439	100	49.981079
52.824219	100	49.981735
52.934341	100	49.982018
53.042839	100	49.982986
53.151207	100	49.98391
53.259392	100	49.984955
53.367508	100	49.987717
53.474121	100	49.989052
53.581017	100	49.991638
53.686115	100	49.992485
53.790871	100	49.993301
53.89777	100	49.99353
54.004807	100	49.994514
54.111656	100	49.997757
54.220081	100	50.001823
54.329491	100	50.005638
54.438995	100	50.007202
54.546875	100	50.006447
54.653862	100	50.006493
54.760277	100	50.007584
54.865582	100	50.007179
54.971855	100	50.005722
55.079449	100	50.003883
55.188362	100	50.001808
55.296696	100	50.000687
55.403217	100	49.997185
55.5093	100	49.99337
55.615784	100	49.991074
55.72435	100	49.989944
55.833576	100	49.989815
55.941711	100	49.990654
56.049484	100	49.992722
56.157093	100	49.994995
56.264572	100	49.997757
56.371414	100	50.000237
56.478668	100	50.001335
56.587452	100	50.001015
56.695171	100	50.000267
56.799988	100	49.999763
56.903946	100	49.998329
57.00779	100	49.997856
57.112175	100	49.99678
57.216255	100	49.996391
57.320053	100	49.996246
57.42532	100	49.996063
57.530647	100	49.996948
57.635513	100	49.998329
57.742214	100	49.997543
57.848618	100	49.99543
57.955315	100	49.994423
58.061924	100	49.992676
58.168991	100	49.990555
58.2775	100	49.989014
58.385204	100	49.989372
58.490608	100	49.989044
58.597626	100	49.989738
58.704086	100	49.990555
58.809818	100	49.992981
58.914795	100	49.994629
59.018349	100	49.995346
59.120903	100	49.99659
59.224525	100	49.997719
59.327667	100	49.99913
59.43264	100	49.999931
59.539307	100	50.000458
59.647171	100	50.001976
59.756348	100	50.003029
59.865158	100	50.003662
59.972134	100	50.004585
60.077591	100	50.003838
60.183487	100	50.002625
60.290882	100	50.001602
60.397346	100	49.999466
60.50193	100	49.999435
60.607075	100	49.999557
60.712887	100	50.001671
60.81852	100	50.004234
60.923882	100	50.004593
61.030075	100	50.004234
61.136642	100	50.005058
61.243393	100	50.004875
61.35041	100	50.00386
61.456421	100	50.002617
61.563011	100	50.002945
61.669029	100	50.002907
61.776009	100	50.004539
61.881493	100	50.004967
61.985954	100	50.00621
62.08979	100	50.005859
62.194061	100	50.005402
62.298584	100	50.006325
62.403671	100	50.007095
62.507324	100	50.006378
62.609062	100	50.00563
62.712723	100	50.005608
62.818336	100	50.005508
62.925514	100	50.006111
63.034111	100	50.0056
63.141968	100	50.005325
63.24794	100	50.002373
63.352943	100	49.999931
63.458084	100	49.998695
63.562782	100	49.996681
63.667801	100	49.994736
63.772903	100	49.992668
63.879707	100	49.990669
63.985657	100	49.98951
64.089859	100	49.990051
64.193146	100	49.990303
64.297592	100	49.989777
64.401787	100	49.989342
64.506073	100	49.990799
64.612312	100	49.991058
64.716812	100	49.990837
64.822655	100	49.992226
64.929077	100	49.994194
65.035484	100	49.99511
65.139374	100	49.995499
65.244392	100	49.995117
65.35099	100	49.995567
65.457443	100	49.997551
65.564049	100	49.998466
65.671562	100	49.998619
65.77874	100	49.998558
65.884743	100	49.999603
65.989906	100	50.00042
66.096497	100	50.001259
66.20343	100	50.000435
66.310089	100	50.000122
66.415733	100	49.999741
66.521156	100	49.998489
66.625549	100	49.997025
66.730217	100	49.995544
66.834656	100	49.995628
66.938263	100	49.995964
67.041435	100	49.996452
67.144775	100	49.9972
67.246605	100	49.997993
67.350891	100	49.999229
67.455688	100	50.000504
67.561333	100	50.000519
67.666924	100	50.000343
67.771591	100	50.001251
67.874008	100	50.00164
67.975891	100	50.001083
68.07962	100	50.001457
68.184677	100	50.000694
68.288788	100	49.999756
68.392166	100	49.998398
68.496399	100	49.99778
68.60247	100	49.997215
68.708382	100	49.996346
68.812592	100	49.996132
68.915695	100	49.997253
69.019218	100	49.998428
69.122818	100	49.997345
69.22541	100	49.995918
69.330132	100	49.994431
69.435951	100	49.993301
69.540863	100	49.99173
69.646065	100	49.990646
69.75087	100	49.990196
69.856377	100	49.98951
69.960632	100	49.989616
70.065895	100	49.990089
70.172134	100	49.992172
70.276901	100	49.992661
70.381859	100	49.991722
70.485481	100	49.990494
70.590378	100	49.989189
70.697586	100	49.98822
70.804153	100	49.986404
70.909492	100	49.985344
71.014114	100	49.98423
71.117897	100	49.983765
71.222244	100	49.982849
71.324898	100	49.982025
71.426758	100	49.98288
71.530052	100	49.983788
71.633652	100	49.984718
71.735512	100	49.984795
71.836861	100	49.984047
71.938385	100	49.983521
72.041679	100	49.983719
72.143669	100	49.983864
72.246613	100	49.983406
72.350029	100	49.98336
72.453865	100	49.982887
72.558617	100	49.983086
72.663803	100	49.983437
72.768883	100	49.98481
72.873001	100	49.985886
72.979874	100	49.986221
73.085121	100	49.987656
73.188721	100	49.989182
73.291481	100	49.990776
73.39399	100	49.991653
73.493538	100	49.992401
73.593582	100	49.994064
73.694702	100	49.995979
73.796188	100	49.997345
73.898468	100	49.998459
74.001938	100	50.000046
74.103989	100	50.001152
74.205261	100	50.003242
74.308739	100	50.00473
74.413025	100	50.004799
74.51722	100	50.003082
74.620399	100	50.001381
74.724495	100	49.999413
74.828392	100	49.99839
74.931931	100	49.998161
75.035965	100	49.996819
75.140083	100	49.99604
75.243431	100	49.996765
75.347214	100	49.995827
75.451149	100	49.995598
75.553391	100	49.994652
75.655968	100	49.995872
75.759193	100	49.99649
75.860718	100	49.997772
75.962692	100	49.999832
76.066643	100	49.999779
76.170807	100	49.998909
76.274216	100	49.99868
76.376312	100	49.996712
76.478645	100	49.997261
76.580589	100	49.995758
76.682411	100	49.995445
76.785378	100	49.99659
76.888252	100	49.996529
76.991638	100	49.995514
77.093498	100	49.99456
77.194283	100	49.995445
77.295525	100	49.996025
77.396912	100	49.996597
77.498917	100	49.997787
77.599861	100	49.997704
77.70195	100	49.998093
77.803452	100	49.999947
77.904388	100	50.00145
78.005989	100	50.002861
78.108101	100	50.003792
78.210007	100	50.005363
78.312897	100	50.008171
78.415947	100	50.009811
78.519363	100	50.010284
78.623146	100	50.008942
78.726097	100	50.007896
78.830605	100	50.006172
78.934509	100	50.00457
79.038864	100	50.003387
79.144035	100	50.001785
79.248886	100	50.001694
79.352646	100	50.002686
79.455437	100	50.003365
79.557152	100	50.003983
79.659843	100	50.003128
79.763802	100	50.001434
79.86528	100	49.997894
79.965652	100	49.995468
80.066994	100	49.993065
80.16922	100	49.99054
80.271187	100	49.988632
80.37484	100	49.987984
80.477554	100	49.987808
80.580627	100	49.988197
80.68335	100	49.988945
80.785599	100	49.991066
80.88826	100	49.992142
80.990402	100	49.99276
81.091904	100	49.992981
81.192932	100	49.991875
81.293526	100	49.99012
81.395683	100	49.989044
81.497704	100	49.989708
81.599899	100	49.989159
81.702576	100	49.989113
81.804794	100	49.990952
81.905685	100	49.99173
82.006432	100	49.993629
82.107811	100	49.995232
82.208122	100	49.996506
82.306633	100	49.998016
82.40564	100	49.999084
82.505043	100	49.999458
82.603973	100	49.999695
82.704918	100	49.99884
82.805756	100	49.998116
82.906181	100	49.997078
83.007896	100	49.99575
83.108955	100	49.99408
83.211617	100	49.991882
83.313347	100	49.989189
83.411598	100	49.987022
83.509544	100	49.986206
83.608032	100	49.984055
83.706917	100	49.984802
83.80645	100	49.984413
83.905922	100	49.982513
84.003845	100	49.982048
84.100777	100	49.981293
84.199074	100	49.981964
84.295311	100	49.982323
84.392731	100	49.983994
84.489975	100	49.985519
84.585892	100	49.985641
84.681625	100	49.987038
84.777016	100	49.988739
84.870796	100	49.98925
84.963905	100	49.990799
85.05619	100	49.992676
85.150002	100	49.993706
85.245003	100	49.994568
85.340607	100	49.995384
85.436783	100	49.995491
85.533012	100	49.995895
85.627991	100	49.99659
85.722664	100	49.996864
85.818275	100	49.997406
85.91449	100	49.997543
86.008774	100	49.997383
86.103691	100	49.995972
86.197319	100	49.992882
86.289581	100	49.991409
86.38073	100	49.989349
86.473312	100	49.987724
86.564034	100	49.986221
86.653557	100	49.985809
86.742752	100	49.986053
86.830544	100	49.988098
86.917595	100	49.990456
87.005196	100	49.990921
87.091705	100	49.991554
87.17865	100	49.991226
87.266876	100	49.9925
87.35598	100	49.992104
87.444908	100	49.992485
87.534325	100	49.992172
87.622818	100	49.992104
87.709526	100	49.994225
87.794418	100	49.995743
87.878731	100	49.997284
87.963654	100	49.997025
88.047401	100	49.997162
88.131828	100	49.996361
88.216263	100	49.993523
88.299782	100	49.989777
88.381653	100	49.987129
88.463646	100	49.986443
88.54467	100	49.986473
88.626236	100	49.987495
88.707901	100	49.988152
88.790085	100	49.987999
88.872749	100	49.987343
88.953217	100	49.985283
89.032196	100	49.983437
89.11245	100	49.98336
89.192139	100	49.985687
89.270119	100	49.985573
89.346634	100	49.985466
89.421829	100	49.985985
89.496811	100	49.987579
89.571281	100	49.988213
89.645576	100	49.989433
89.719765	100	49.990166
89.794853	100	49.990303
89.869698	100	49.992386
89.945076	100	49.99382
90.019485	100	49.994041
90.093254	100	49.994225
90.165565	100	49.993088
90.239388	100	49.990852
90.313889	100	49.987923
90.386604	100	49.986382
90.458687	100	49.985176
90.531479	100	49.985329
90.60434	100	49.986504
90.675255	100	49.988258
90.742348	100	49.990273
90.809723	100	49.992249
90.875725	100	49.992241
90.942513	100	49.990402
91.010384	100	49.988457
91.077927	100	49.986748
91.146591	100	49.98616
91.213654	100	49.98513
91.279961	100	49.983772
91.345055	100	49.982811
91.411423	100	49.983688
91.4786	100	49.9842
91.543907	100	49.985931
91.608498	100	49.986824
91.671684	100	49.986473
91.733376	100	49.985855
91.794518	100	49.986053
91.853539	100	49.986259
91.913078	100	49.985901
91.972939	100	49.986916
92.032181	100	49.986259
92.0924	100	49.985359
92.151756	100	49.986664
92.210693	100	49.987869
92.268127	100	49.988716
92.325531	100	49.989937
92.383904	100	49.990326
92.44062	100	49.990524
92.498474	100	49.990379
92.555527	100	49.99128
92.611725	100	49.991249
92.666473	100	49.990501
92.722221	100	49.989471
92.77874	100	49.988327
92.835594	100	49.987419
92.89299	100	49.986382
92.949898	100	49.98597
93.00547	100	49.986259
93.061142	100	49.986923
93.114998	100	49.987823
93.169342	100	49.988731
93.224007	100	49.989197
93.277435	100	49.990379
93.328621	100	49.992943
93.380341	100	49.994598
93.433075	100	49.996162
93.486496	100	49.997658
93.538673	100	49.998322
93.587303	100	49.997528
93.6362	100	49.995514
93.686806	100	49.993095
93.737228	100	49.990875
93.784584	100	49.989059
93.833771	100	49.988396
93.883392	100	49.986595
93.932938	100	49.986259
93.982201	100	49.9869
94.029984	100	49.987717
94.075745	100	49.988991
94.121437	100	49.989662
94.168625	100	49.990379
94.214981	100	49.991875
94.259727	100	49.9925
94.304459	100	49.992119
94.350464	100	49.991379
94.398727	100	49.992004
94.444733	100	49.992706
94.48922	100	49.993584
94.534599	100	49.994949
94.578972	100	49.997162
94.622772	100	50.000351
94.665276	100	50.001724
94.706772	100	50.003143
94.749084	100	50.003784
94.790352	100	50.003548
94.83284	100	50.003273
94.874161	100	50.003456
94.913788	100	50.002434
94.953117	100	50.001213
94.993057	100	50.001038
95.033394	100	50.001381
95.074333	100	50.000885
95.116684	100	49.998199
95.158348	100	49.997627
95.200623	100	49.996323
95.24115	100	49.994789
95.280975	100	49.993866
95.320938	100	49.995277
95.359741	100	49.997025
95.397766	100	49.996887
95.434753	100	49.99646
95.470772	100	49.996277
95.506828	100	49.995476
95.542915	100	49.995216
95.580009	100	49.995232
95.615601	100	49.99498
95.649765	100	49.995163
95.683182	100	49.996017
95.716988	100	49.996246
95.751511	100	49.998161
95.788651	100	50.000717
95.824493	100	50.002983
95.860741	100	50.00351
95.897133	100	50.005005
95.93457	100	50.005951
95.971169	100	50.006264
96.006294	100	50.007057
96.040047	100	50.007187
96.075035	100	50.007935
96.110474	100	50.009468
96.145523	100	50.009842
96.17968	100	50.010017
96.213158	100	50.009438
96.246681	100	50.006638
96.279991	100	50.004082
96.310883	100	50.002823
96.341805	100	49.999985
96.372871	100	49.998192
96.403709	100	49.997002
96.433395	100	49.996437
96.463867	100	49.997337
96.493179	100	49.998001
96.520828	100	49.999146
96.550323	100	49.999352
96.58075	100	49.998512
96.613655	100	49.998901
96.645348	100	49.998299
96.675194	100	49.999199
96.705719	100	49.999603
96.733429	100	49.999001
96.759468	100	49.998711
96.785789	100	49.999084
96.812309	100	49.999969
96.837975	100	50.00177
96.864471	100	50.002586
96.891724	100	50.001755
96.918617	100	50.001259
96.945747	100	50.000839
96.973717	100	50.000725
97.000336	100	50.000206
97.027428	100	49.999969
97.052177	100	50.000206
97.077438	100	50.000069
97.101524	100	49.999229
97.12532	100	49.998566
97.148895	100	49.998932
97.173622	100	49.9991
97.198738	100	50.000023
97.224068	100	50.000031
97.251076	100	49.99929
97.276787	100	49.997543
97.302956	100	49.995399
97.329407	100	49.992775
97.355011	100	49.990623
97.380005	100	49.988541
97.403542	100	49.987785
97.426918	100	49.987572
97.449516	100	49.986977
97.470993	100	49.985764
97.49321	100	49.985893
97.515152	100	49.987511
97.537048	100	49.988785
97.558167	100	49.990242
97.581596	100	49.989983
97.60437	100	49.989296
97.62648	100	49.98835
97.648529	100	49.987183
97.669472	100	49.987411
97.690742	100	49.987831
97.711823	100	49.988564
97.732849	100	49.990494
97.751869	100	49.992378
97.771278	100	49.992599
97.790237	100	49.991699
97.810394	100	49.989388
97.831589	100	49.988472
97.852982	100	49.989479
97.873772	100	49.989861
97.893188	100	49.990707
97.910988	100	49.992065
97.928505	100	49.991676
97.945076	100	49.992485
97.963089	100	49.992882
97.97937	100	49.993202
97.996223	100	49.993179
98.015465	100	49.992943
98.034538	100	49.99408
98.053032	100	49.996353
98.072571	100	49.998474
98.091187	100	50.000122
98.11071	100	50.001534
98.130707	100	50.004395
98.150368	100	50.006149
98.169151	100	50.007385
98.188278	100	50.008316
98.206436	100	50.00898
98.224449	100	50.00946
98.240646	100	50.008926
98.257225	100	50.008614
98.27269	100	50.007851
98.288124	100	50.00988
98.303665	100	50.011871
98.319656	100	50.014587
98.336411	100	50.014832
98.351486	100	50.012886
98.367035	100	50.011635
98.38356	100	50.009499
98.400581	100	50.007668
98.416267	100	50.006584
98.431511	100	50.005974
98.446991	100	50.006096
98.461891	100	50.005173
98.478462	100	50.005135
98.49453	100	50.005219
98.510277	100	50.005272
98.525711	100	50.004356
98.541801	100	50.002144
98.556366	100	50.000237
98.571541	100	49.998108
98.585693	100	49.997246
98.59948	100	49.997147
98.613144	100	49.997116
98.625862	100	49.9963
98.639397	100	49.995781
98.653984	100	49.994469
98.669418	100	49.994652
98.684532	100	49.99588
98.69944	100	49.995758
98.715088	100	49.995316
98.730431	100	49.994781
98.744736	100	49.994202
98.758934	100	49.995148
98.772079	100	49.99543
98.783936	100	49.997192
98.797165	100	49.99649
98.810982	100	49.997047
98.823196	100	49.998711
98.834183	100	49.999123
98.84462	100	50.000092
98.857285	100	50.000671
98.868553	100	50.001175
98.880142	100	50.001404
98.892303	100	50.000061
98.903633	100	49.998314
98.915558	100	49.996208
98.928596	100	49.994743
98.942276	100	49.995865
98.955025	100	49.99884
98.966759	100	50.001396
98.978828	100	50.00351
98.991051	100	50.004242
99.003311	100	50.005119
99.014336	100	50.005318
99.025673	100	50.005455
99.037537	100	50.004425
99.049294	100	50.003853
99.061264	100	50.002953
99.072502	100	50.001389
99.084114	100	50.000938
99.095154	100	50.000114
99.105789	100	49.999611
99.115784	100	49.997337
99.125725	100	49.993904
99.136795	100	49.991608
99.147072	100	49.988609
99.156334	100	49.987122
99.164871	100	49.985374
99.172646	100	49.9851
99.182175	100	49.984253
99.191574	100	49.982399
99.200363	100	49.981232
99.208778	100	49.979858
99.217957	100	49.979805
99.22831	100	49.98082
99.238251	100	49.982468
99.248329	100	49.986374
99.260132	100	49.989159
99.271988	100	49.990669
99.283165	100	49.991135
99.295753	100	49.99234
99.309189	100	49.993576
99.321747	100	49.993347
99.334091	100	49.993851
99.343605	100	49.993561
99.353012	100	49.993202
99.361137	100	49.99408
99.367332	100	49.994934
99.372742	100	49.995163
99.379478	100	49.994621
99.386772	100	49.994514
99.394768	100	49.994049
99.401161	100	49.995285
99.406288	100	49.996269
99.412018	100	49.99823
99.417992	100	50.000366
99.424019	100	50.000198
99.430862	100	50.000549
99.436989	100	50.000359
99.444176	100	50.001434
99.451637	100	50.002762
99.459129	100	50.003616
99.465782	100	50.003922
99.472458	100	50.004562
99.47963	100	50.004791
99.487617	100	50.003983
99.496147	100	50.003532
99.503952	100	50.005013
99.512001	100	50.007767
99.519905	100	50.010361
99.526779	100	50.012436
99.533554	100	50.012512
99.541039	100	50.012901
99.547874	100	50.013756
99.554657	100	50.013412
99.562019	100	50.01355
99.570457	100	50.014343
99.578499	100	50.015068
99.586662	100	50.016151
99.593018	100	50.014938
99.599136	100	50.014069
99.604279	100	50.011826
99.609924	100	50.011276
99.616623	100	50.008896
99.623413	100	50.006958
99.628899	100	50.004242
99.635849	100	50.002655
99.642876	100	50.001411
99.649231	100	49.999611
99.655853	100	49.997849
99.662132	100	49.999619
99.668365	100	50.002396
99.675156	100	50.003006
99.680588	100	50.001503
99.685799	100	50.001801
99.693474	100	50.001648
99.698997	100	50.000961
99.704811	100	50.000626
99.712418	100	50.000717
99.720093	100	50.002586
99.726997	100	50.003983
99.733551	100	50.007133
99.739365	100	50.008278
99.744408	100	50.008667
99.748352	100	50.00843
99.752167	100	50.007599
99.756615	100	50.007599
99.763031	100	50.007179
99.768768	100	50.006165
99.773476	100	50.00457
99.778839	100	50.00502
99.785255	100	50.004845
99.79007	100	50.004158
99.794174	100	50.005211
99.797363	100	50.006027
99.801262	100	50.008507
99.805611	100	50.011215
99.81044	100	50.01223
99.815132	100	50.013542
99.818733	100	50.015244
99.822945	100	50.015427
99.82769	100	50.015762
99.833275	100	50.013191
99.838982	100	50.011444
99.842804	100	50.011253
99.845863	100	50.010033
99.848541	100	50.008522
99.850113	100	50.00898
99.85244	100	50.009399
99.854904	100	50.008766
99.860901	100	50.006775
99.868149	100	50.006073
99.875206	100	50.005219
99.88179	100	50.003746
99.887787	100	50.00367
99.894417	100	50.003906
99.90049	100	50.005386
99.906586	100	50.005737
99.911285	100	50.006546
99.915375	100	50.00766
99.919342	100	50.008247
99.922852	100	50.008545
99.927437	100	50.008186
99.934166	100	50.008476
99.941895	100	50.008499
99.947876	100	50.007225
99.952538	100	50.00695
99.956642	100	50.006355
99.96035	100	50.006401
99.962997	100	50.006927
99.965042	100	50.007347
99.96843	100	50.005966
99.97052	100	50.004631
99.972992	100	50.004181
99.975464	100	50.004311
99.979355	100	50.004395
99.982681	100	50.004463
99.98539	100	50.005493
99.990196	100	50.006447
99.994858	100	50.007011
99.999268	100	50.007271
100.00415	100	50.007271
100.008659	100	50.006729
100.011757	100	50.006165
100.015739	100	50.006721
100.018013	100	50.006828
100.019012	100	50.006721
100.020767	100	50.006783
100.022453	100	50.00457
100.026299	100	50.002274
100.032188	100	50.00058
100.037231	100	49.999092
100.040588	100	49.997894
100.043983	100	49.999023
100.048187	100	50.001678
100.052986	100	50.004128
100.056633	100	50.005913
100.060669	100	50.006157
100.063126	100	50.006081
100.065544	100	50.006172
100.068748	100	50.007706
100.072495	100	50.007492
100.076225	100	50.005783
100.079552	100	50.005936
100.082283	100	50.006248
100.085068	100	50.005302
100.08844	100	50.00602
100.091377	100	50.006805
100.092628	100	50.00663
100.092972	100	50.008247
100.09333	100	50.010475
100.093872	100	50.010384
100.096176	100	50.010178
100.09848	100	50.010849
100.100548	100	50.01046
100.101807	100	50.009514
100.103958	100	50.007133
100.104836	100	50.005844
100.105049	100	50.00441
100.105431	100	50.003456
100.107498	100	50.0037
100.110382	100	50.004143
100.11438	100	50.004501
100.118629	100	50.0056
100.123199	100	50.004837
100.126335	100	50.004677
100.130142	100	50.00383
100.133682	100	50.002403
100.137985	100	50.001152
100.141144	100	50.000496
100.142365	100	49.999779
100.143425	100	50.000221
100.145439	100	50.001869
100.146851	100	50.003571
100.149155	100	50.003647
100.150497	100	50.004601
100.152168	100	50.0047
100.15522	100	50.004974
100.156349	100	50.006729
100.157097	100	50.010078
100.157806	100	50.011108
100.15844	100	50.010574
100.158302	100	50.009674
100.158325	100	50.009354
100.159264	100	50.008362
100.161728	100	50.006607
100.164864	100	50.006241
100.170624	100	50.005959
100.176224	100	50.006287
100.180328	100	50.007515
100.182724	100	50.008316
100.185013	100	50.008789
100.187202	100	50.008408
100.189545	100	50.008636
100.191856	100	50.008377
100.193764	100	50.007843
100.195679	100	50.008026
100.198944	100	50.008171
100.201218	100	50.006966
100.203362	100	50.006157
100.203674	100	50.006615
100.203926	100	50.007446
100.205872	100	50.007225
100.207825	100	50.006676
100.209877	100	50.005775
100.210114	100	50.007431
100.208794	100	50.00946
100.206871	100	50.010582
100.205452	100	50.01162
100.205322	100	50.013405
100.203941	100	50.014496
100.202835	100	50.01635
100.202568	100	50.01812
100.2033	100	50.019684
100.204834	100	50.019508
100.206581	100	50.018364
100.207382	100	50.017708
100.20771	100	50.015854
100.208183	100	50.013733
100.209015	100	50.012856
100.2117	100	50.012947
100.213348	100	50.013405
100.215652	100	50.016197
100.217827	100	50.017906
100.218849	100	50.018341
100.219772	100	50.018585
100.221657	100	50.017792
100.224258	100	50.015289
100.225975	100	50.013573
100.227509	100	50.012199
100.228615	100	50.01152
100.230949	100	50.011658
100.234215	100	50.012627
100.235878	100	50.013985
100.236603	100	50.01413
100.23642	100	50.013283
100.236099	100	50.013321
100.236626	100	50.014771
100.237	100	50.016304
100.238007	100	50.017326
100.239845	100	50.017952
100.241882	100	50.017609
100.244499	100	50.016434
100.248718	100	50.015633
100.25074	100	50.013741
100.252373	100	50.013321
100.254181	100	50.012505
100.254608	100	50.01149
100.254326	100	50.01133
100.255676	100	50.010757
100.257195	100	50.009567
100.260727	100	50.008408
100.264595	100	50.006119
100.266991	100	50.004868
100.268326	100	50.005806
100.267555	100	50.006798
100.265045	100	50.008072
100.263313	100	50.009727
100.261871	100	50.011131
100.260048	100	50.011871
100.259796	100	50.010742
100.259804	100	50.008934
100.260338	100	50.007248
100.260872	100	50.005806
100.260315	100	50.005341
100.260307	100	50.004517
100.2612	100	50.004311
100.261818	100	50.004021
100.262611	100	50.002045
100.265076	100	50.000549
100.267723	100	49.997208
100.26902	100	49.995949
100.271446	100	49.996017
100.273743	100	49.996132
100.275192	100	49.99556
100.276352	100	49.996437
100.278961	100	49.996445
100.278938	100	49.99646
100.278999	100	49.996902
100.277664	100	49.996468
100.274422	100	49.996727
100.273109	100	49.996407
100.274467	100	49.996948
100.277466	100	49.996864
100.279152	100	49.996124
100.281952	100	49.994652
100.283958	100	49.993523
100.285889	100	49.99279
100.287575	100	49.990318
100.289169	100	49.988213
100.290321	100	49.987724
100.29158	100	49.988396
100.293274	100	49.989319
100.294205	100	49.989372
100.295441	100	49.990875
100.297821	100	49.99263
100.29892	100	49.993385
100.299866	100	49.994476
100.299828	100	49.994034
100.299202	100	49.995178
100.298332	100	49.995216
100.297234	100	49.996155
100.296173	100	49.995712
100.294258	100	49.994858
100.293785	100	49.99527
100.294075	100	49.99382
100.296188	100	49.992928
100.298798	100	49.992691
100.302071	100	49.992531
100.304718	100	49.993912
100.305763	100	49.994827
100.306107	100	49.995033
100.305466	100	49.995003
100.30735	100	49.995186
100.308357	100	49.996231
100.309906	100	49.996788
100.312157	100	49.998161
100.313385	100	49.998947
100.315071	100	49.999916
100.317345	100	50.000458
100.318474	100	50.000206
100.318253	100	49.999954
100.316826	100	50.001678
100.314949	100	50.002846
100.313606	100	50.004242
100.312981	100	50.00602
100.313164	100	50.006767
100.312813	100	50.009125
100.314171	100	50.010452
100.314598	100	50.011971
100.31546	100	50.011192
100.31562	100	50.009727
100.313988	100	50.010712
100.31395	100	50.010262
100.313599	100	50.010643
100.315018	100	50.01239
100.315338	100	50.013412
100.315201	100	50.013939
100.31501	100	50.013237
100.313194	100	50.013
100.312874	100	50.011383
100.311478	100	50.008713
100.309364	100	50.006294
100.309189	100	50.005478
100.308754	100	50.004967
100.306938	100	50.004356
100.306412	100	50.004662
100.306061	100	50.00647
100.306168	100	50.0084
100.308029	100	50.009079
100.307899	100	50.009926
100.308075	100	50.011017
100.30761	100	50.011703
100.307686	100	50.011818
100.30883	100	50.010178
100.310303	100	50.011383
100.311211	100	50.011612
100.31147	100	50.010178
100.310532	100	50.008331
100.31002	100	50.007149
100.309677	100	50.006111
100.309456	100	50.005005
100.309494	100	50.003624
100.308411	100	50.002861
100.30764	100	50.002991
100.306435	100	50.002098
100.305328	100	50.002838
100.304298	100	50.002335
100.301758	100	50.002022
100.30027	100	50.001503
100.302094	100	50.000999
100.302612	100	49.999474
100.30162	100	49.997574
100.300606	100	49.995728
100.301575	100	49.995522
100.303513	100	49.996338
100.30455	100	49.996185
100.304787	100	49.996689
100.305664	100	49.997749
100.304253	100	49.997688
100.303314	100	49.997047
100.304993	100	49.996696
100.305107	100	49.995819
100.305954	100	49.996208
100.307846	100	49.997002
100.309219	100	49.996071
100.310516	100	49.996178
100.312874	100	49.996391
100.314407	100	49.997475
100.315422	100	49.99762
100.31636	100	49.996361
100.317612	100	49.99511
100.319176	100	49.994026
100.3181	100	49.99395
100.317131	100	49.991844
100.31665	100	49.990219
100.315086	100	49.987625
100.312675	100	49.986946
100.31131	100	49.986084
100.311226	100	49.986183
100.310341	100	49.986679
100.309174	100	49.987671
100.308594	100	49.98745
100.309219	100	49.986893
100.309669	100	49.987534
100.310677	100	49.988251
100.311516	100	49.989273
100.312843	100	49.989281
100.314537	100	49.989723
100.316895	100	49.991089
100.318901	100	49.992691
100.32058	100	49.994286
100.320953	100	49.994949
100.320793	100	49.994797
100.318985	100	49.996269
100.316307	100	49.996307
100.313988	100	49.996162
100.312294	100	49.995895
100.312019	100	49.994171
100.312073	100	49.992996
100.311424	100	49.992538
100.310768	100	49.993179
100.310013	100	49.994835
100.309792	100	49.997101
100.310532	100	49.998581
100.309898	100	49.997688
100.310799	100	49.997009
100.311432	100	49.996696
100.311638	100	49.997833
100.313316	100	49.998001
100.312447	100	49.997772
100.311554	100	49.99778
100.312004	100	49.996864
100.313339	100	49.996651
100.31456	100	49.997864
100.316147	100	49.997826
100.317047	100	49.99707
100.316368	100	49.995964
100.31498	100	49.995331
100.313797	100	49.994789
100.314095	100	49.99527
100.315559	100	49.994522
100.31485	100	49.994431
100.313972	100	49.99408
100.31324	100	49.992424
100.311424	100	49.991379
100.310005	100	49.989853
100.310753	100	49.988426
100.312363	100	49.987915
100.312294	100	49.988564
100.312904	100	49.990288
100.313896	100	49.992226
100.313103	100	49.993118
100.311424	100	49.995743
100.309669	100	49.996956
100.309258	100	49.997528
100.309044	100	49.997612
100.308907	100	49.997864
100.308594	100	49.998222
100.308472	100	49.997353
100.306564	100	49.997398
100.303795	100	49.999138
100.300301	100	50.000633
100.298088	100	50.000359
100.296951	100	49.998962
100.29599	100	49.999229
100.294495	100	50.000092
100.295456	100	50.001503
100.296227	100	50.002075
100.298676	100	50.00042
100.301033	100	50.000732
100.302292	100	50.001526
100.30352	100	50.002167
100.304169	100	50.00238
100.304169	100	50.000633
100.304115	100	49.998909
100.303917	100	49.997963
100.303741	100	49.997078
100.304161	100	49.996902
100.303383	100	49.996971
100.302361	100	49.997124
100.30172	100	49.997421
100.300873	100	49.997269
100.299477	100	49.996788
100.297791	100	49.995308
100.296181	100	49.994606
100.294792	100	49.995415
100.293015	100	49.995361
100.291328	100	49.996964
100.290421	100	49.999008
100.291161	100	50.000015
100.292664	100	50.001686
100.293419	100	50.002319
100.294861	100	50.00251
100.294525	100	50.003136
100.293777	100	50.002464
100.29303	100	50.001694
100.292297	100	50.001961
100.291	100	50.001907
100.290421	100	50.002731
100.289383	100	50.002357
100.288628	100	50.001915
100.289307	100	50.002434
100.289825	100	50.002434
100.290154	100	50.00209
100.290947	100	50.002861
100.292061	100	50.003357
100.291954	100	50.003944
100.29142	100	50.003433
100.290558	100	50.002022
100.28952	100	50.000687
100.288841	100	50.000328
100.288826	100	50.000534
100.288124	100	50.000443
100.286278	100	50.00032
100.283279	100	49.999229
100.280586	100	49.999763
100.279083	100	49.999649
100.279434	100	50.000404
100.2808	100	49.999855
100.28183	100	49.998848
100.283585	100	49.999672
100.284241	100	50.000092
100.285751	100	50.000824
100.286438	100	50.001396
100.285965	100	50.001884
100.284546	100	50.002678
100.283752	100	50.003471
100.284569	100	50.003693
100.285538	100	50.002808
100.286964	100	50.003189
100.288666	100	50.003983
100.290321	100	50.003456
100.290436	100	50.00312
100.291084	100	50.002571
100.29229	100	50.002037
100.29335	100	50.001968
100.293823	100	50.001755
100.29229	100	50.002663
100.290283	100	50.002106
100.288002	100	50.000786
100.28492	100	50.000839
100.281601	100	49.999466
100.27993	100	49.999382
100.279472	100	49.999352
100.280922	100	49.999153
100.283913	100	49.998238
100.285797	100	49.998161
100.287346	100	49.997597
100.287491	100	49.995743
100.286652	100	49.99514
100.284866	100	49.995796
100.282791	100	49.99659
100.280655	100	49.99678
100.279434	100	49.997147
100.279854	100	49.997238
100.278755	100	49.997986
100.278183	100	49.999619
100.277481	100	49.999924
100.276802	100	49.999008
100.276649	100	49.999359
100.27758	100	49.997856
100.279022	100	49.995819
100.280174	100	49.995712
100.281219	100	49.995117
100.281837	100	49.99337
100.281914	100	49.991699
100.28183	100	49.991272
100.28109	100	49.991501
100.279564	100	49.991081
100.278313	100	49.991508
100.277443	100	49.995193
100.277229	100	49.998314
100.276215	100	50.000443
100.274887	100	50.000137
100.275139	100	49.999619
100.275085	100	49.999069
100.275551	100	49.998627
100.277382	100	49.997536
100.27742	100	49.995422
100.277557	100	49.994011
100.276672	100	49.992905
100.277153	100	49.992928
100.277641	100	49.99398
100.278282	100	49.996063
100.276787	100	49.99839
100.276649	100	49.999115
100.276711	100	49.999687
100.276314	100	50.000931
100.275246	100	50.003723
100.273071	100	50.006615
100.271049	100	50.008553
100.269394	100	50.008858
100.267517	100	50.008446
100.265549	100	50.007599
100.264809	100	50.006943
100.26564	100	50.005745
100.26741	100	50.005562
