[Graph\ Configuration]
Version=1
NrCurves=3
FFTNrCurves=0
Title=
XAxisLabel=Time / s
YAxisLabel=Current Position of axis1
Y2AxisLabel=Current Position of axis3
SameScaleXY=0
XAxisLinear=1
YAxisLinear=1
FFT=0
[Graph\ Configuration/Curve1]
CustomName=Current Position of axis1
XSliceArray=Current Position of axis1
XSliceName=Time
YSliceArray=Current Position of axis1
YSliceName=Current Position of axis1
[Graph\ Configuration/Curve1/style]
ColorRed=33
ColorGreen=67
ColorBlue=163
SolidPoint=1
LineType=100
PointSymbol=0
Width=2
Shown=1
Identify=1
Y2Axis=0
[Graph\ Configuration/Curve2]
CustomName=Target Position of axis1
XSliceArray=Current Position of axis1
XSliceName=Time
YSliceArray=Current Position of axis1
YSliceName=Target Position of axis1
[Graph\ Configuration/Curve2/style]
ColorRed=255
ColorGreen=154
ColorBlue=79
SolidPoint=1
LineType=100
PointSymbol=0
Width=2
Shown=1
Identify=1
Y2Axis=0
[Graph\ Configuration/Curve3]
CustomName=Current Position of axis3
XSliceArray=Current Position of axis1
XSliceName=Time
YSliceArray=Current Position of axis1
YSliceName=Current Position of axis3
[Graph\ Configuration/Curve3/style]
ColorRed=226
ColorGreen=0
ColorBlue=121
SolidPoint=1
LineType=100
PointSymbol=0
Width=2
Shown=1
Identify=1
Y2Axis=1
[GCS_ARRAY Current Position of axis1]
# VERSION = 1
# TYPE = 1
# SEPARATOR = 9
# DIM = 3
# SAMPLE_TIME = 5e-005
# NDATA = 3000
#
# NAME0 = Current Position of axis1
# NAME1 = Target Position of axis1
# NAME2 = Current Position of axis3
#
# END_HEADER
-0.007545	0	49.998222
-0.004833	0.05	49.997856
-0.001724	0.1	49.998573
-0.000631	0.15	50.001038
0.000837	0.2	50.001274
0.001307	0.25	50.002541
0.001554	0.3	50.00428
0.001011	0.35	50.005394
-0.000925	0.4	50.005585
-0.002388	0.45	50.005531
-0.001665	0.5	50.004608
-0.001541	0.55	50.004036
-0.000582	0.6	50.002495
-0.000473	0.65	50.000595
-0.00104	0.7	50.000671
-0.000824	0.75	50.000549
-0.000269	0.8	50.000122
0.002954	0.85	50.000824
0.006123	0.9	50.000771
0.009274	0.95	50.000717
0.012613	1	50.00116
0.014772	1.05	50.002495
0.017115	1.1	50.00444
0.018148	1.15	50.006355
0.019411	1.2	50.006187
0.018738	1.25	50.005402
0.016602	1.3	50.004868
0.014471	1.35	50.00351
0.012787	1.4	50.002701
0.010044	1.45	50.002007
0.007957	1.5	50.001305
0.005634	1.55	50.00132
0.003805	1.6	50.000412
0.001614	1.65	50.000557
0.000202	1.7	49.999199
-0.000223	1.75	49.999054
-0.000151	1.8	49.998741
-6.9e-005	1.85	49.996857
-0.000353	1.9	49.996544
-0.001596	1.95	49.997246
-0.001537	2	49.997597
0.000238	2.05	49.996948
0.003613	2.1	49.998161
0.007679	2.15	50.00042
0.011301	2.2	50.00074
0.015747	2.25	50.001152
0.019405	2.3	50.001068
0.02379	2.35	50.000938
0.026743	2.4	50.000633
0.028191	2.45	49.999718
0.029718	2.5	49.998383
0.031746	2.55	49.995804
0.034216	2.6	49.994469
0.035942	2.65	49.994926
0.036224	2.7	49.995918
0.03759	2.75	49.996498
0.039118	2.8	49.996819
0.040907	2.85	49.99752
0.043165	2.9	49.999001
0.045534	2.95	49.999313
0.047552	3	49.999229
0.049961	3.05	49.998955
0.053232	3.1	49.998222
0.057732	3.15	49.997498
0.061127	3.2	49.997574
0.064707	3.25	49.998009
0.069012	3.3	49.999008
0.073128	3.35	49.999802
0.074467	3.4	50.00119
0.075912	3.45	50.002441
0.079638	3.5	50.003662
0.083309	3.55	50.003609
0.087439	3.6	50.003998
0.091875	3.65	50.003242
0.096426	3.7	50.00386
0.100227	3.75	50.00444
0.104713	3.8	50.004883
0.10743	3.85	50.0056
0.108591	3.9	50.007607
0.110937	3.95	50.009201
0.114365	4	50.010155
0.118174	4.05	50.010498
0.122564	4.1	50.010666
0.128208	4.15	50.010551
0.133518	4.2	50.010864
0.13945	4.25	50.011131
0.145002	4.3	50.011665
0.149265	4.35	50.010811
0.154373	4.4	50.01107
0.159231	4.45	50.011436
0.162569	4.5	50.010307
0.166786	4.55	50.00914
0.171478	4.6	50.007881
0.176382	4.65	50.006813
0.181391	4.7	50.006279
0.185196	4.75	50.005478
0.189133	4.8	50.004837
0.194141	4.85	50.003929
0.198765	4.9	50.004646
0.203892	4.95	50.00322
0.210411	5	50.002754
0.218081	5.05	50.004044
0.226336	5.1	50.004822
0.235123	5.15	50.005272
0.242998	5.2	50.004921
0.250704	5.25	50.004494
0.258856	5.3	50.00367
0.267324	5.35	50.003441
0.275177	5.4	50.003433
0.28314	5.45	50.004128
0.290606	5.5	50.003136
0.298975	5.55	50.001213
0.307842	5.6	49.999977
0.313822	5.65	50.000488
0.321331	5.7	50.000298
0.329988	5.75	50.000999
0.339081	5.8	50.00116
0.349043	5.85	50.001083
0.358282	5.9	50.001305
0.367584	5.95	50.00016
0.377157	6	49.998741
0.38732	6.05	49.998512
0.398603	6.1	49.997482
0.410765	6.15	49.995583
0.423822	6.2	49.993111
0.436058	6.25	49.991631
0.449221	6.3	49.990181
0.460819	6.35	49.989906
0.471914	6.4	49.991623
0.482443	6.45	49.993431
0.49354	6.5	49.996399
0.503258	6.55	49.998016
0.514057	6.6	49.998947
0.525061	6.65	50.000633
0.536917	6.7	50.001854
0.548502	6.75	50.003365
0.559359	6.8	50.005966
0.570354	6.85	50.008316
0.581465	6.9	50.009468
0.592943	6.95	50.009697
0.605389	7	50.008118
0.619556	7.05	50.006485
0.634632	7.1	50.00322
0.649685	7.15	50.00177
0.663731	7.2	50.000404
0.676775	7.25	50.000206
0.689344	7.3	50.00045
0.702429	7.35	50.00164
0.715322	7.4	50.001549
0.729038	7.45	50.000755
0.743057	7.5	50.001221
0.757687	7.55	50.002861
0.773502	7.6	50.005173
0.789412	7.65	50.00634
0.803261	7.7	50.00795
0.817604	7.75	50.008034
0.831604	7.8	50.008194
0.845058	7.85	50.008057
0.859659	7.9	50.007957
0.875223	7.95	50.007462
0.889456	8	50.006828
0.903837	8.05	50.007942
0.918715	8.1	50.006943
0.933329	8.150001	50.007141
0.948847	8.2	50.007881
0.964548	8.25	50.008728
0.980324	8.3	50.008476
0.99645	8.35	50.007683
1.011986	8.400001	50.006119
1.028515	8.45	50.004112
1.045383	8.5	50.001251
1.061277	8.55	49.998817
1.078342	8.6	49.998344
1.096281	8.650001	49.998245
1.114388	8.7	49.997292
1.132494	8.75	49.995911
1.152611	8.8	49.996292
1.172619	8.85	49.996712
1.191244	8.900001	49.99688
1.207541	8.95	49.996025
1.224064	9	49.993431
1.240458	9.05	49.991959
1.257486	9.1	49.989853
1.274746	9.150001	49.988426
1.291523	9.2	49.987274
1.306959	9.25	49.987312
1.323269	9.3	49.98838
1.34054	9.35	49.989281
1.357719	9.400001	49.98867
1.376163	9.45	49.987885
1.395645	9.5	49.987358
1.415445	9.55	49.987823
1.437572	9.6	49.987701
1.460266	9.650001	49.988144
1.484015	9.7	49.990211
1.505404	9.75	49.992363
1.526728	9.8	49.993576
1.547039	9.85	49.994644
1.566626	9.900001	49.996109
1.585043	9.95	49.996399
1.604912	10	49.995964
1.624163	10.05	49.99585
1.645422	10.1	49.994576
1.667929	10.150001	49.993652
1.690062	10.2	49.993561
1.711771	10.25	49.994614
1.732162	10.3	49.997047
1.754261	10.35	49.999237
1.776682	10.400001	50.001404
1.798988	10.45	50.0037
1.820057	10.5	50.005325
1.840931	10.55	50.005089
1.86223	10.6	50.003845
1.884472	10.650001	50.002861
1.907196	10.7	50.001198
1.930603	10.75	49.998245
1.954203	10.8	49.996826
1.978752	10.85	49.996719
2.001425	10.900001	49.996918
2.02281	10.95	49.997894
2.044325	11	50.000259
2.068535	11.05	50.001259
2.092798	11.1	50.000587
2.116989	11.150001	49.998848
2.139797	11.2	49.999374
2.161695	11.25	49.99913
2.184607	11.3	49.998627
2.207148	11.35	49.997025
2.229132	11.400001	49.994308
2.252834	11.45	49.991943
2.27626	11.5	49.990425
2.299944	11.55	49.988266
2.322447	11.6	49.986794
2.343702	11.650001	49.987007
2.366472	11.7	49.986725
2.391161	11.75	49.986732
2.416185	11.8	49.98661
2.441502	11.85	49.986473
2.46781	11.900001	49.98838
2.494659	11.95	49.990143
2.521505	12	49.990974
2.548527	12.05	49.990089
2.576929	12.1	49.990562
2.604113	12.150001	49.990944
2.629988	12.2	49.991249
2.656961	12.25	49.992737
2.685286	12.3	49.995758
2.712551	12.35	49.999184
2.740479	12.400001	50.002045
2.767054	12.45	50.003975
2.793648	12.5	50.004089
2.819954	12.55	50.00531
2.847752	12.6	50.006805
2.875195	12.650001	50.006332
2.902473	12.7	50.0056
2.930445	12.75	50.003426
2.960861	12.8	50.001686
2.990467	12.85	50.001434
3.020021	12.900001	50.000252
3.048639	12.95	49.999222
3.076605	13	49.997551
3.104347	13.05	49.996681
3.134439	13.1	49.99659
3.163103	13.150001	49.997345
3.19125	13.2	49.999245
3.220221	13.25	50.000648
3.249323	13.3	50.00219
3.278366	13.35	50.003792
3.307642	13.400001	50.005028
3.337801	13.45	50.005074
3.366964	13.5	50.005402
3.397064	13.55	50.005325
3.426428	13.6	50.004776
3.456236	13.650001	50.004585
3.485373	13.7	50.004265
3.516296	13.75	50.005386
3.54813	13.8	50.005554
3.579365	13.85	50.005157
3.611216	13.900001	50.005264
3.643505	13.95	50.004662
3.674946	14	50.002815
3.705622	14.05	50.001671
3.736164	14.1	50.002052
3.766489	14.150001	50.001808
3.797321	14.2	50.002007
3.828018	14.25	50.003296
3.859755	14.3	50.00473
3.891922	14.35	50.005714
3.922928	14.400001	50.006874
3.953793	14.45	50.00676
3.984201	14.5	50.008324
4.015308	14.55	50.009361
4.044964	14.6	50.008408
4.074623	14.650001	50.00724
4.104624	14.7	50.008087
4.136755	14.75	50.007103
4.171469	14.8	50.006111
4.205797	14.85	50.005913
4.239727	14.900001	50.006775
4.272877	14.95	50.007141
4.305595	15	50.006424
4.337997	15.05	50.006523
4.372149	15.1	50.00753
4.406954	15.150001	50.007957
4.439606	15.2	50.005722
4.472797	15.25	50.004547
4.505735	15.3	50.004585
4.54056	15.35	50.004646
4.575426	15.400001	50.003609
4.609764	15.45	50.002609
4.643002	15.5	50.001274
4.677378	15.55	49.999916
4.71179	15.6	49.999245
4.745396	15.650001	49.99855
4.779539	15.7	49.998375
4.813589	15.75	49.998619
4.847019	15.8	49.997284
4.880634	15.85	49.995323
4.914522	15.900001	49.994385
4.949306	15.95	49.992096
4.984776	16	49.99231
5.019646	16.050001	49.99353
5.053125	16.1	49.995308
5.087303	16.15	49.997299
5.12141	16.200001	49.996864
5.154737	16.25	49.996857
5.189213	16.300001	49.995796
5.223579	16.35	49.995148
5.258646	16.4	49.995544
5.293871	16.450001	49.994957
5.330215	16.5	49.995827
5.366695	16.550001	49.998047
5.401213	16.6	49.997917
5.435373	16.65	49.998238
5.470379	16.700001	49.998848
5.507814	16.75	49.999153
5.54599	16.800001	49.999756
5.583767	16.85	50.000259
5.620335	16.9	50.000458
5.65624	16.950001	50.000534
5.691841	17	49.999954
5.727758	17.050001	49.998894
5.763412	17.1	49.996643
5.798719	17.15	49.995026
5.835854	17.200001	49.993423
5.872374	17.25	49.994408
5.909542	17.300001	49.995911
5.946945	17.35	49.997398
5.982582	17.4	49.99913
6.019045	17.450001	50.001274
6.057011	17.5	50.003769
6.093973	17.550001	50.004662
6.130085	17.6	50.005577
6.168297	17.65	50.005547
6.208178	17.700001	50.006287
6.247408	17.75	50.0065
6.287821	17.800001	50.006248
6.329197	17.85	50.005646
6.370396	17.9	50.005356
6.410408	17.950001	50.004845
6.451162	18	50.003426
6.490961	18.050001	50.001129
6.530964	18.1	49.9991
6.571306	18.15	49.998711
6.61047	18.200001	49.998886
6.64941	18.25	49.99762
6.688913	18.300001	49.996834
6.726912	18.35	49.996208
6.765614	18.4	49.994804
6.803869	18.450001	49.99334
6.842537	18.5	49.992546
6.880125	18.550001	49.993759
6.918667	18.6	49.995384
6.957907	18.65	49.99736
6.997036	18.700001	49.999809
7.0361	18.75	50.002144
7.07427	18.800001	50.00309
7.113949	18.85	50.00235
7.154894	18.9	50.001518
7.195396	18.950001	50.000748
7.235777	19	49.999237
7.277184	19.050001	49.997925
7.317209	19.1	49.997528
7.357185	19.15	49.997719
7.396206	19.200001	49.997009
7.435244	19.25	49.996132
7.474598	19.300001	49.996506
7.51491	19.35	49.995941
7.554678	19.4	49.995842
7.593956	19.450001	49.995422
7.634874	19.5	49.995079
7.675962	19.550001	49.992966
7.716162	19.6	49.990761
7.757374	19.65	49.990166
7.797153	19.700001	49.989883
7.838614	19.75	49.989601
7.881742	19.800001	49.988846
7.923355	19.85	49.987579
7.96599	19.9	49.987038
8.008997	19.950001	49.98671
8.051361	20	49.986839
8.091978	20.050001	49.989349
8.1332	20.1	49.991417
8.17536	20.15	49.993896
8.217697	20.200001	49.996498
8.260635	20.25	49.999542
8.303349	20.300001	50.001251
8.345901	20.35	50.001923
8.386868	20.4	50.002304
8.428469	20.450001	50.003265
8.471045	20.5	50.003342
8.513048	20.550001	50.003838
8.554291	20.6	50.003807
8.59572	20.65	50.004204
8.63798	20.700001	50.004158
8.681917	20.75	50.00341
8.724819	20.800001	50.003319
8.767044	20.85	50.002136
8.810297	20.9	50.00264
8.853218	20.950001	50.002747
8.8962	21	50.003128
8.939844	21.050001	50.002296
8.985985	21.1	50.001488
9.031303	21.15	50.001083
9.07715	21.200001	50.000847
9.123362	21.25	49.999596
9.169832	21.300001	49.997818
9.21557	21.35	49.996223
9.260439	21.4	49.997063
9.305447	21.450001	49.997597
9.349854	21.5	49.99881
9.391241	21.550001	50.000511
9.43376	21.6	50.001808
9.475233	21.65	50.002434
9.517624	21.700001	50.003639
9.561333	21.75	50.003204
9.606462	21.800001	50.000259
9.651766	21.85	49.998016
9.696014	21.9	49.996223
9.741493	21.950001	49.99411
9.786898	22	49.99202
9.831501	22.050001	49.9897
9.874044	22.1	49.987411
9.916338	22.15	49.98558
9.958845	22.200001	49.982918
10.00124	22.25	49.982582
10.04447	22.300001	49.981514
10.089979	22.35	49.982071
10.135376	22.4	49.982704
10.179611	22.450001	49.985863
10.222792	22.5	49.990944
10.266768	22.550001	49.994888
10.313358	22.6	49.996559
10.360752	22.65	49.997482
10.40695	22.700001	49.999084
10.45397	22.75	49.999474
10.499153	22.800001	49.99781
10.54447	22.85	49.996925
10.589844	22.9	49.996948
10.634722	22.950001	49.996071
10.680079	23	49.994789
10.726446	23.050001	49.993492
10.771973	23.1	49.99221
10.819365	23.15	49.991493
10.864639	23.200001	49.990417
10.908911	23.25	49.989899
10.95372	23.300001	49.989624
10.999207	23.35	49.989189
11.044424	23.4	49.989517
11.090425	23.450001	49.991302
11.135738	23.5	49.993477
11.182079	23.550001	49.997047
11.227961	23.6	49.999527
11.272629	23.65	50.001442
11.317543	23.700001	50.0019
11.362734	23.75	50.000626
11.406858	23.800001	49.998558
11.451057	23.85	49.995209
11.495251	23.9	49.991188
11.540661	23.950001	49.988014
11.587446	24	49.986504
11.634279	24.050001	49.9869
11.680182	24.1	49.98951
11.7271	24.15	49.99073
11.774908	24.200001	49.990364
11.823309	24.25	49.990799
11.871328	24.300001	49.991913
11.92008	24.35	49.992943
11.96887	24.4	49.992722
12.0152	24.450001	49.991684
12.062	24.5	49.99028
12.107697	24.550001	49.990143
12.153486	24.6	49.989861
12.200562	24.65	49.989517
12.249485	24.700001	49.987869
12.299404	24.75	49.985985
12.34865	24.800001	49.984108
12.396587	24.85	49.981964
12.444384	24.9	49.979614
12.492495	24.950001	49.9776
12.541733	25	49.976654
12.590206	25.050001	49.977516
12.637814	25.1	49.979797
12.684809	25.15	49.982552
12.732073	25.200001	49.986038
12.778254	25.25	49.986206
12.824613	25.300001	49.986588
12.870958	25.35	49.987511
12.917975	25.4	49.989883
12.966434	25.450001	49.992058
13.015157	25.5	49.994598
13.064131	25.550001	49.995895
13.113084	25.6	49.995949
13.160965	25.65	49.994751
13.209155	25.700001	49.993996
13.257822	25.75	49.994484
13.305618	25.800001	49.995377
13.353345	25.85	49.997612
13.40238	25.9	49.997482
13.449358	25.950001	49.997818
13.495851	26	49.99894
13.544173	26.050001	49.999306
13.59388	26.1	50.000305
13.644314	26.15	50.001549
13.694181	26.200001	50.002525
13.743161	26.25	50.00251
13.791732	26.300001	50.00106
13.841219	26.35	49.999992
13.890368	26.4	49.998917
13.939913	26.450001	49.996605
13.988248	26.5	49.995583
14.03846	26.550001	49.994438
14.088038	26.6	49.993355
14.13799	26.65	49.992599
14.188471	26.700001	49.992058
14.239326	26.75	49.992455
14.288654	26.800001	49.993385
14.337769	26.85	49.993675
14.388336	26.9	49.994225
14.437922	26.950001	49.994186
14.486991	27	49.993866
14.534565	27.050001	49.993683
14.582504	27.1	49.993965
14.630416	27.15	49.993469
14.678266	27.200001	49.992126
14.726876	27.25	49.990898
14.775392	27.300001	49.991165
14.824503	27.35	49.991974
14.873379	27.4	49.992577
14.922983	27.450001	49.993713
14.972414	27.5	49.993385
15.022033	27.550001	49.991631
15.071527	27.6	49.990601
15.120061	27.65	49.989983
15.168857	27.700001	49.989388
15.219772	27.75	49.98867
15.270397	27.800001	49.988686
15.319408	27.85	49.987778
15.369118	27.9	49.985718
15.418489	27.950001	49.982727
15.468143	28	49.979355
15.518138	28.050001	49.978271
15.567487	28.1	49.978882
15.618303	28.15	49.978844
15.669289	28.200001	49.979263
15.720188	28.25	49.979881
15.771787	28.300001	49.981552
15.823133	28.35	49.98291
15.873832	28.4	49.984909
15.921991	28.450001	49.986855
15.972063	28.5	49.988724
16.022957	28.550001	49.988739
16.07299	28.6	49.98999
16.121517	28.65	49.990425
16.170841	28.700001	49.99221
16.219419	28.75	49.99324
16.270355	28.800001	49.993118
16.321644	28.85	49.992958
16.372662	28.9	49.99398
16.422813	28.950001	49.992714
16.473442	29	49.992722
16.524696	29.050001	49.992439
16.57695	29.1	49.992859
16.627857	29.15	49.994041
16.677618	29.200001	49.994553
16.727749	29.25	49.994858
16.778511	29.300001	49.995949
16.829304	29.35	49.995743
16.879921	29.4	49.994469
16.931398	29.450001	49.993484
16.983593	29.5	49.992966
17.035053	29.550001	49.993233
17.085926	29.6	49.994347
17.138493	29.65	49.995659
17.190548	29.700001	49.997406
17.241215	29.75	49.999191
17.290258	29.800001	49.999924
17.339794	29.85	50.000031
17.389957	29.9	50.00016
17.439854	29.950001	49.99971
17.491615	30	49.999634
17.543798	30.050001	49.997345
17.596436	30.1	49.996552
17.648491	30.15	49.996124
17.69957	30.200001	49.995033
17.749424	30.25	49.993767
17.800081	30.300001	49.992767
17.851604	30.35	49.991127
17.90163	30.4	49.989349
17.951813	30.450001	49.986847
18.002539	30.5	49.984245
18.053581	30.550001	49.982353
18.105814	30.6	49.981667
18.157883	30.65	49.980675
18.208469	30.700001	49.981354
18.25836	30.75	49.982513
18.31012	30.800001	49.982918
18.361784	30.85	49.984818
18.413353	30.9	49.98748
18.463026	30.950001	49.990891
18.513092	31	49.992912
18.565105	31.050001	49.994232
18.618988	31.1	49.995193
18.671329	31.15	49.996796
18.725269	31.200001	49.999458
18.779144	31.25	50.001259
18.832445	31.300001	50.002441
18.884857	31.35	50.003311
18.936995	31.4	50.00383
18.987917	31.450001	50.004761
19.039024	31.5	50.004837
19.090767	31.550001	50.004349
19.143791	31.6	50.004128
19.194485	31.65	50.00248
19.246395	31.700001	49.999222
19.297798	31.75	49.996696
19.349113	31.800001	49.994904
19.39992	31.85	49.994415
19.452105	31.9	49.993286
19.502954	31.950001	49.99189
19.554546	32	49.989609
19.60807	32.049999	49.987961
19.662149	32.100002	49.98632
19.715847	32.150002	49.986755
19.769802	32.200001	49.987259
19.823965	32.25	49.98848
19.87639	32.299999	49.988564
19.927633	32.350002	49.989113
19.979179	32.400002	49.990669
20.031536	32.450001	49.991257
20.08284	32.5	49.992783
20.134705	32.549999	49.992554
20.18569	32.600002	49.991188
20.235119	32.650002	49.990074
20.284058	32.700001	49.988113
20.334497	32.75	49.98632
20.384895	32.799999	49.985947
20.435635	32.850002	49.984726
20.487423	32.900002	49.983444
20.540215	32.950001	49.981766
20.591656	33	49.981606
20.643372	33.049999	49.981377
20.696239	33.100002	49.980942
20.747656	33.150002	49.980881
20.799877	33.200001	49.981873
20.851429	33.25	49.984001
20.904297	33.299999	49.985497
20.958002	33.350002	49.987785
21.011162	33.400002	49.990547
21.064812	33.450001	49.99276
21.119267	33.5	49.995346
21.172218	33.549999	49.996902
21.22657	33.600002	49.997581
21.280163	33.650002	49.998566
21.33247	33.700001	49.998116
21.384594	33.75	49.996559
21.436687	33.799999	49.995667
21.489544	33.850002	49.994392
21.544092	33.900002	49.99276
21.598927	33.950001	49.990616
21.652679	34	49.989334
21.70562	34.049999	49.988754
21.759403	34.100002	49.989906
21.813066	34.150002	49.989868
21.865637	34.200001	49.990562
21.917904	34.25	49.992149
21.969107	34.299999	49.9925
22.018761	34.350002	49.993195
22.067837	34.400002	49.992805
22.118059	34.450001	49.991684
22.167786	34.5	49.990822
22.21793	34.549999	49.988785
22.268774	34.600002	49.986588
22.317953	34.650002	49.98484
22.368629	34.700001	49.98365
22.421257	34.75	49.982063
22.474581	34.799999	49.980606
22.528435	34.850002	49.979401
22.582932	34.900002	49.978973
22.637583	34.950001	49.979584
22.693428	35	49.980942
22.749607	35.049999	49.981644
22.805021	35.100002	49.982452
22.858368	35.150002	49.982407
22.91151	35.200001	49.98201
22.964075	35.25	49.980415
23.015694	35.299999	49.980156
23.067299	35.350002	49.980698
23.117657	35.400002	49.981178
23.168894	35.450001	49.982941
23.220211	35.5	49.985847
23.272894	35.549999	49.988785
23.326027	35.600002	49.992195
23.379475	35.650002	49.993721
23.432985	35.700001	49.99453
23.486168	35.75	49.994583
23.539949	35.799999	49.994553
23.594204	35.850002	49.994469
23.648245	35.900002	49.994759
23.700216	35.950001	49.994171
23.75268	36	49.994186
23.804998	36.049999	49.993385
23.859034	36.100002	49.993729
23.912766	36.150002	49.993858
23.967033	36.200001	49.99305
24.021358	36.25	49.992157
24.074018	36.299999	49.991257
24.124979	36.350002	49.991203
24.175343	36.400002	49.98938
24.226467	36.450001	49.987679
24.280247	36.5	49.985107
24.334299	36.549999	49.983681
24.387985	36.600002	49.981895
24.44203	36.650002	49.980484
24.49654	36.700001	49.979706
24.549698	36.75	49.979385
24.603451	36.799999	49.980049
24.658819	36.850002	49.981194
24.714993	36.900002	49.983116
24.77002	36.950001	49.984085
24.824335	37	49.98513
24.879723	37.049999	49.987129
24.934807	37.100002	49.989532
24.987751	37.150002	49.991127
25.040567	37.200001	49.991707
25.093739	37.25	49.993958
25.147993	37.299999	49.996086
25.200598	37.350002	49.996429
25.253099	37.400002	49.996124
25.303686	37.450001	49.994995
25.354521	37.5	49.993576
25.406683	37.549999	49.991821
25.458344	37.600002	49.989815
25.50947	37.650002	49.987511
25.562344	37.700001	49.984619
25.616024	37.75	49.982613
25.66991	37.799999	49.982025
25.722937	37.850002	49.981812
25.776598	37.900002	49.982109
25.830267	37.950001	49.982155
25.885603	38	49.983452
25.940569	38.049999	49.983856
25.995628	38.100002	49.984154
26.051218	38.150002	49.985382
26.108877	38.200001	49.985085
26.165403	38.25	49.985146
26.220955	38.299999	49.986115
26.275875	38.350002	49.986031
26.328997	38.400002	49.985603
26.381371	38.450001	49.986412
26.434204	38.5	49.987267
26.487425	38.549999	49.988487
26.540915	38.600002	49.989677
26.593458	38.650002	49.9916
26.645741	38.700001	49.994003
26.698683	38.75	49.993935
26.750444	38.799999	49.993988
26.802691	38.850002	49.993423
26.855886	38.900002	49.99305
26.909122	38.950001	49.99337
26.962599	39	49.995316
27.014589	39.049999	49.996078
27.066622	39.100002	49.995842
27.118605	39.150002	49.995689
27.173422	39.200001	49.997375
27.227509	39.25	49.998863
27.281954	39.299999	49.999359
27.336643	39.350002	50.00119
27.391041	39.400002	50.003052
27.445286	39.450001	50.004097
27.497753	39.5	50.005348
27.550507	39.549999	50.006874
27.602909	39.600002	50.006538
27.654867	39.650002	50.006348
27.705656	39.700001	50.00592
27.756378	39.75	50.004898
27.808187	39.799999	50.00602
27.86117	39.850002	50.005585
27.915443	39.900002	50.004944
27.970121	39.950001	50.002617
28.025248	40	50.002373
28.078804	40.049999	50.002151
28.132505	40.100002	50.002052
28.187353	40.150002	50.002708
28.242407	40.200001	50.003517
28.29565	40.25	50.002663
28.349268	40.299999	50.001541
28.404991	40.350002	50.000816
28.460022	40.400002	50.000694
28.514801	40.450001	50.000542
28.568239	40.5	49.99942
28.620848	40.549999	49.997818
28.672722	40.600002	49.997665
28.724413	40.650002	49.998909
28.77722	40.700001	49.998901
28.830223	40.75	49.998436
28.88274	40.799999	49.998055
28.934582	40.850002	49.996742
28.986483	40.900002	49.997574
29.036776	40.950001	49.997375
29.087044	41	49.99762
29.138914	41.049999	49.997147
29.191862	41.100002	49.995972
29.245403	41.150002	49.993187
29.299129	41.200001	49.99192
29.354376	41.25	49.992569
29.408991	41.299999	49.993515
29.464748	41.350002	49.994888
29.518534	41.400002	49.99453
29.570858	41.450001	49.994484
29.624832	41.5	49.993202
29.678926	41.549999	49.992271
29.733646	41.600002	49.99221
29.788427	41.650002	49.992027
29.844952	41.700001	49.991623
29.90081	41.75	49.991394
29.956264	41.799999	49.992638
30.011269	41.850002	49.992264
30.064844	41.900002	49.992157
30.117123	41.950001	49.991592
30.168373	42	49.990982
30.219454	42.049999	49.99128
30.270761	42.100002	49.990974
30.322754	42.150002	49.991982
30.374952	42.200001	49.992256
30.426424	42.25	49.992432
30.477854	42.299999	49.990929
30.529701	42.350002	49.9907
30.582588	42.400002	49.989647
30.637571	42.450001	49.988853
30.693209	42.5	49.988876
30.747416	42.549999	49.989082
30.800907	42.600002	49.989746
30.856485	42.650002	49.991081
30.911846	42.700001	49.993523
30.967121	42.75	49.995712
31.02182	42.799999	49.996628
31.075941	42.850002	49.996407
31.128294	42.900002	49.99688
31.181002	42.950001	49.996231
31.235909	43	49.994667
31.291681	43.049999	49.992737
31.346191	43.100002	49.991234
31.400711	43.150002	49.990219
31.454353	43.200001	49.988976
31.507498	43.25	49.988022
31.56064	43.299999	49.986694
31.615271	43.350002	49.986603
31.670048	43.400002	49.987396
31.725119	43.450001	49.987343
31.780399	43.5	49.987373
31.835072	43.549999	49.987083
31.890835	43.600002	49.987579
31.944626	43.650002	49.986885
31.998795	43.700001	49.985558
32.055889	43.75	49.985519
32.112267	43.799999	49.986633
32.168442	43.850002	49.988869
32.222797	43.900002	49.990837
32.276028	43.950001	49.992867
32.329765	44	49.99324
32.381695	44.049999	49.993706
32.432388	44.100002	49.994247
32.483864	44.150002	49.993988
32.536522	44.200001	49.994293
32.589138	44.25	49.993591
32.641563	44.299999	49.993309
32.693913	44.350002	49.994499
32.745026	44.400002	49.995186
32.797073	44.450001	49.995232
32.849201	44.5	49.994804
32.90205	44.549999	49.994934
32.956608	44.600002	49.99437
33.010895	44.650002	49.993462
33.063206	44.700001	49.991455
33.116314	44.75	49.989243
33.169472	44.799999	49.989197
33.223629	44.850002	49.989952
33.278557	44.900002	49.991226
33.334038	44.950001	49.992859
33.389275	45	49.99559
33.44294	45.049999	49.997627
33.496311	45.100002	49.998947
33.548683	45.150002	49.999855
33.602551	45.200001	50.000633
33.657013	45.25	50.000397
33.709801	45.299999	49.99942
33.763363	45.350002	49.998268
33.817226	45.400002	49.997437
33.870094	45.450001	49.996513
33.923424	45.5	49.995819
33.977005	45.549999	49.995003
34.031094	45.600002	49.994026
34.085342	45.650002	49.993134
34.138885	45.700001	49.993233
34.192131	45.75	49.993469
34.245453	45.799999	49.992905
34.299545	45.850002	49.992859
34.351555	45.900002	49.9925
34.403904	45.950001	49.993614
34.456902	46	49.993423
34.509998	46.049999	49.992508
34.562981	46.100002	49.992577
34.615795	46.150002	49.992218
34.666946	46.200001	49.99189
34.718887	46.25	49.991737
34.771744	46.299999	49.991341
34.825085	46.350002	49.990967
34.878895	46.400002	49.991417
34.933205	46.450001	49.992027
34.987278	46.5	49.99192
35.041	46.549999	49.991913
35.094536	46.600002	49.991577
35.148373	46.650002	49.991112
35.202335	46.700001	49.990738
35.254948	46.75	49.990692
35.306824	46.799999	49.992737
35.359261	46.850002	49.993324
35.413475	46.900002	49.992393
35.469315	46.950001	49.992165
35.524788	47	49.992058
35.57872	47.049999	49.992584
35.630203	47.100002	49.993958
35.681137	47.150002	49.995888
35.732117	47.200001	49.998627
35.783676	47.25	50.001923
35.835129	47.299999	50.003662
35.886745	47.350002	50.003044
35.938446	47.400002	50.002113
35.990086	47.450001	50.000916
36.04369	47.5	49.999115
36.096718	47.549999	49.998016
36.150448	47.600002	49.997688
36.203712	47.650002	49.99707
36.256557	47.700001	49.996429
36.310368	47.75	49.996651
36.364475	47.799999	49.997093
36.419678	47.850002	49.997856
36.474792	47.900002	49.999001
36.529747	47.950001	49.999855
36.585365	48	50.000076
36.638432	48.049999	49.99894
36.690102	48.100002	49.99556
36.741215	48.150002	49.993446
36.792126	48.200001	49.991302
36.846191	48.25	49.989662
36.900265	48.299999	49.988258
36.952446	48.350002	49.988716
37.003323	48.400002	49.988823
37.054462	48.450001	49.990303
37.107185	48.5	49.991264
37.159798	48.549999	49.992851
37.212788	48.600002	49.995277
37.266075	48.650002	49.996765
37.320656	48.700001	49.997665
37.374977	48.75	49.997849
37.427444	48.799999	49.998238
37.479538	48.850002	49.998466
37.531738	48.900002	49.997734
37.585506	48.950001	49.996628
37.639545	49	49.994736
37.692612	49.049999	49.991989
37.743904	49.100002	49.988358
37.795162	49.150002	49.987556
37.849838	49.200001	49.987038
37.905388	49.25	49.987869
37.959373	49.299999	49.988831
38.014259	49.350002	49.989174
38.070042	49.400002	49.989723
38.125504	49.450001	49.990372
38.180115	49.5	49.99189
38.234913	49.549999	49.991142
38.290115	49.600002	49.989525
38.343117	49.650002	49.987457
38.395718	49.700001	49.986252
38.448299	49.75	49.98584
38.502029	49.799999	49.985802
38.555206	49.850002	49.984673
38.609676	49.900002	49.984184
38.664314	49.950001	49.983521
38.718689	50	49.98439
38.772476	50.049999	49.985008
38.82563	50.100002	49.986511
38.877197	50.150002	49.988899
38.928581	50.200001	49.991623
38.978706	50.25	49.99295
39.030251	50.299999	49.992073
39.083027	50.350002	49.991249
39.136642	50.400002	49.990952
39.190178	50.450001	49.991409
39.243675	50.5	49.991859
39.297012	50.549999	49.991562
39.351791	50.600002	49.990875
39.406944	50.650002	49.990387
39.461636	50.700001	49.989693
39.516243	50.75	49.990311
39.569656	50.799999	49.990936
39.622993	50.850002	49.991348
39.677124	50.900002	49.99102
39.730854	50.950001	49.990402
39.783268	51	49.991737
39.835583	51.049999	49.992928
39.888687	51.100002	49.994377
39.94138	51.150002	49.99588
39.995419	51.200001	49.994156
40.050117	51.25	49.993179
40.104324	51.299999	49.99427
40.157516	51.350002	49.994232
40.209583	51.400002	49.995583
40.262325	51.450001	49.997757
40.314514	51.5	49.998413
40.366821	51.549999	50.000488
40.419579	51.600002	50.002251
40.473351	51.650002	50.00296
40.528301	51.700001	50.005058
40.580391	51.75	50.007286
40.631367	51.799999	50.010315
40.683372	51.850002	50.011543
40.736084	51.900002	50.011414
40.789162	51.950001	50.009537
40.842636	52	50.007561
40.895081	52.049999	50.004738
40.947575	52.100002	50.002274
41.000755	52.150002	50.000313
41.054428	52.200001	49.999283
41.106312	52.25	49.998978
41.158356	52.299999	49.999268
41.210598	52.350002	49.998528
41.26366	52.400002	49.998817
41.316128	52.450001	49.998375
41.368336	52.5	49.996902
41.421234	52.549999	49.995987
41.475765	52.600002	49.994743
41.530659	52.650002	49.994453
41.585007	52.700001	49.994286
41.639061	52.75	49.992783
41.691917	52.799999	49.991508
41.744415	52.850002	49.990402
41.79594	52.900002	49.988922
41.849358	52.950001	49.988487
41.902267	53	49.988655
41.95438	53.049999	49.989372
42.007584	53.100002	49.991341
42.060646	53.150002	49.993584
42.113899	53.200001	49.994102
42.167744	53.25	49.994865
42.220982	53.299999	49.995514
42.273338	53.350002	49.99707
42.325706	53.400002	49.997597
42.380093	53.450001	49.996719
42.434669	53.5	49.995262
42.487511	53.549999	49.993134
42.539658	53.600002	49.991318
42.593079	53.650002	49.989105
42.647774	53.700001	49.987335
42.702293	53.75	49.987885
42.756367	53.799999	49.990181
42.810802	53.850002	49.991753
42.863617	53.900002	49.993233
42.9151	53.950001	49.994377
42.96534	54	49.994652
43.014847	54.049999	49.99514
43.065723	54.100002	49.995689
43.117508	54.150002	49.99707
43.169189	54.200001	49.997749
43.222034	54.25	49.997833
43.275188	54.299999	49.996918
43.32795	54.350002	49.997139
43.379482	54.400002	49.998657
43.432129	54.450001	49.998222
43.486324	54.5	49.997719
43.539494	54.549999	49.996605
43.591679	54.600002	49.998253
43.644596	54.650002	49.998085
43.698017	54.700001	49.996971
43.749649	54.75	49.997803
43.802589	54.799999	49.997963
43.853924	54.850002	49.996933
43.904808	54.900002	49.994888
43.956463	54.950001	49.991699
44.008968	55	49.989296
44.062939	55.049999	49.986694
44.117249	55.100002	49.986313
44.172745	55.150002	49.986801
44.22789	55.200001	49.986694
44.284164	55.25	49.988266
44.338547	55.299999	49.99028
44.390427	55.350002	49.992111
44.440613	55.400002	49.993294
44.490463	55.450001	49.994377
44.541382	55.5	49.995468
44.592659	55.549999	49.995712
44.644905	55.600002	49.996025
44.696987	55.650002	49.995407
44.748417	55.700001	49.994736
44.799622	55.75	49.993958
44.850899	55.799999	49.993523
44.903099	55.850002	49.992317
44.95686	55.900002	49.991364
45.010132	55.950001	49.989883
45.062664	56	49.988945
45.116066	56.049999	49.989014
45.169617	56.100002	49.989059
45.222332	56.150002	49.988998
45.276485	56.200001	49.990608
45.331612	56.25	49.992874
45.386353	56.299999	49.99408
45.440891	56.350002	49.99585
45.494923	56.400002	49.99884
45.548336	56.450001	50.000801
45.600967	56.5	50.002319
45.654694	56.549999	50.002632
45.708244	56.600002	50.003883
45.762215	56.650002	50.005806
45.815315	56.700001	50.007538
45.869865	56.75	50.008354
45.922394	56.799999	50.00946
45.975315	56.850002	50.009926
46.028381	56.900002	50.008812
46.080635	56.950001	50.007896
46.132412	57	50.007317
46.184204	57.049999	50.006561
46.236023	57.100002	50.006004
46.288139	57.150002	50.004303
46.339188	57.200001	50.003372
46.390133	57.25	50.00148
46.44072	57.299999	49.998909
46.492466	57.350002	49.997063
46.545166	57.400002	49.996597
46.596153	57.450001	49.997284
46.647785	57.5	49.999672
46.698914	57.549999	50.001915
46.752701	57.600002	50.004524
46.804451	57.650002	50.007126
46.856285	57.700001	50.007813
46.908314	57.75	50.008606
46.961212	57.799999	50.008934
47.012276	57.850002	50.008484
47.063354	57.900002	50.00695
47.113808	57.950001	50.007156
47.164093	58	50.007393
47.215454	58.049999	50.00808
47.267334	58.100002	50.007751
47.319164	58.150002	50.007599
47.370346	58.200001	50.007332
47.423386	58.25	50.006561
47.47575	58.299999	50.006187
47.528774	58.350002	50.004829
47.580872	58.400002	50.001587
47.633423	58.450001	49.998863
47.685226	58.5	49.99649
47.736897	58.549999	49.995628
47.790569	58.600002	49.994743
47.844288	58.650002	49.994431
47.897877	58.700001	49.995255
47.949329	58.75	49.995552
48.000271	58.799999	49.995506
48.052795	58.850002	49.995079
48.105663	58.900002	49.994232
48.160477	58.950001	49.992821
48.214897	59	49.992149
48.269127	59.049999	49.992226
48.322182	59.100002	49.992195
48.373299	59.150002	49.991188
48.424084	59.200001	49.990341
48.474594	59.25	49.989891
48.525368	59.299999	49.98838
48.577171	59.350002	49.985901
48.629257	59.400002	49.984779
48.681679	59.450001	49.983551
48.733566	59.5	49.983345
48.78442	59.549999	49.983406
48.835892	59.600002	49.982208
48.888351	59.650002	49.982323
48.940201	59.700001	49.983025
48.993233	59.75	49.983688
49.045898	59.799999	49.98365
49.097931	59.850002	49.984451
49.150009	59.900002	49.984909
49.201462	59.950001	49.984718
49.253975	60	49.983452
49.306648	60.049999	49.983109
49.359577	60.100002	49.98468
49.411949	60.150002	49.985931
49.463428	60.200001	49.987495
49.514778	60.25	49.989105
49.566628	60.299999	49.990791
49.616928	60.350002	49.991508
49.667206	60.400002	49.991348
49.719978	60.450001	49.991188
49.773441	60.5	49.991745
49.824745	60.549999	49.991707
49.875843	60.600002	49.991493
49.928059	60.650002	49.990807
49.980927	60.700001	49.990952
50.034904	60.75	49.991837
50.086433	60.799999	49.992172
50.136833	60.850002	49.992645
50.188232	60.900002	49.992104
50.238953	60.950001	49.991508
50.29023	61	49.992432
50.340149	61.049999	49.991112
50.392227	61.100002	49.989563
50.443924	61.150002	49.988632
50.496223	61.200001	49.986557
50.547714	61.25	49.98513
50.598778	61.299999	49.98288
50.64798	61.350002	49.983253
50.699135	61.400002	49.98214
50.750908	61.450001	49.982071
50.803131	61.5	49.982635
50.85416	61.549999	49.983444
50.905403	61.600002	49.982674
50.957397	61.650002	49.98317
51.011162	61.700001	49.98542
51.065018	61.75	49.987129
51.120171	61.799999	49.988434
51.174141	61.850002	49.989464
51.227856	61.900002	49.990906
51.280144	61.950001	49.991753
51.332985	62	49.991516
51.384773	62.049999	49.991966
51.438011	62.100002	49.991776
51.489658	62.150002	49.992256
51.540936	62.200001	49.991966
51.592358	62.25	49.991776
51.644684	62.299999	49.993286
51.696075	62.350002	49.995193
51.746452	62.400002	49.99675
51.795502	62.450001	49.998444
51.845539	62.5	49.99984
51.896095	62.549999	50.000557
51.947132	62.600002	50.002167
51.99902	62.650002	50.003326
52.050308	62.700001	50.003792
52.101418	62.75	50.003319
52.152618	62.799999	50.001678
52.205597	62.850002	50.000916
52.257065	62.900002	49.998535
52.309753	62.950001	49.997208
52.362358	63	49.996826
52.414974	63.049999	49.996834
52.4674	63.100002	49.9963
52.520325	63.150002	49.995125
52.573334	63.200001	49.993942
52.624954	63.25	49.993668
52.676861	63.299999	49.994186
52.727791	63.350002	49.995987
52.777668	63.400002	49.996361
52.828743	63.450001	49.997688
52.878387	63.5	49.999413
52.928383	63.549999	50.000938
52.978306	63.600002	50.000931
53.028168	63.650002	50.000435
53.079399	63.700001	50.000107
53.131393	63.75	49.998795
53.184509	63.799999	49.996872
53.236847	63.850002	49.99646
53.288612	63.900002	49.997116
53.340042	63.950001	49.996513
53.38942	64	49.996391
53.43998	64.050003	49.99733
53.492088	64.099998	49.997475
53.545189	64.150002	49.998085
53.597664	64.200005	49.998482
53.649597	64.25	49.999756
53.701958	64.300003	50.001457
53.753731	64.349998	50.002731
53.806015	64.400002	50.001854
53.859158	64.450005	50.001175
53.913242	64.5	50.000275
53.966999	64.550003	49.999382
54.020981	64.599998	49.999451
54.0756	64.650002	49.999847
54.128773	64.700005	50.000832
54.180737	64.75	50.002518
54.232517	64.800003	50.002625
54.282867	64.849998	50.002289
54.333946	64.900002	50.002556
54.384914	64.950005	50.003975
54.437279	65	50.006287
54.489368	65.050003	50.008453
54.541313	65.099998	50.010765
54.593002	65.150002	50.01149
54.644508	65.200005	50.00959
54.698132	65.25	50.007477
54.750481	65.300003	50.006104
54.802711	65.349998	50.006104
54.854813	65.400002	50.005409
54.906372	65.450005	50.004326
54.95805	65.5	50.003716
55.009975	65.550003	50.002747
55.061325	65.599998	50.000488
55.110443	65.650002	49.999054
55.160351	65.700005	49.99926
55.210278	65.75	49.998093
55.261417	65.800003	49.997169
55.31337	65.849998	49.996559
55.365234	65.900002	49.995911
55.418587	65.950005	49.996323
55.47271	66	49.99588
55.526443	66.050003	49.995781
55.580399	66.099998	49.99688
55.632282	66.150002	49.998253
55.68396	66.200005	49.99913
55.734581	66.25	49.999199
55.785515	66.300003	49.998573
55.836803	66.349998	49.99865
55.887989	66.400002	49.998901
55.938408	66.450005	49.999031
55.989655	66.5	50.000069
56.041359	66.550003	50.00074
56.090477	66.599998	50.00016
56.139809	66.650002	49.99913
56.188583	66.700005	49.998947
56.239326	66.75	49.998474
56.28997	66.800003	49.997314
56.341537	66.849998	49.995827
56.394485	66.900002	49.996025
56.447418	66.950005	49.997025
56.499214	67	49.998611
56.550041	67.050003	49.99913
56.600464	67.099998	49.999397
56.652161	67.150002	49.999878
56.702599	67.200005	49.999992
56.75174	67.25	49.999825
56.800476	67.300003	49.999191
56.85051	67.349998	49.998474
56.904289	67.400002	49.997612
56.956863	67.450005	49.997314
57.011883	67.5	49.999008
57.066559	67.550003	50.000511
57.119598	67.599998	50.000031
57.171146	67.650002	50.000076
57.222881	67.700005	49.999985
57.273262	67.75	50.000175
57.323357	67.800003	50.000351
57.372856	67.849998	49.999153
57.423248	67.900002	49.997162
57.475273	67.950005	49.995224
57.527332	68	49.994431
57.57869	68.050003	49.994957
57.629791	68.099998	49.995331
57.680748	68.150002	49.995834
57.731949	68.200005	49.995552
57.783615	68.25	49.996399
57.835892	68.300003	49.998291
57.886414	68.349998	50.00013
57.935394	68.400002	50.00116
57.985542	68.450005	50.001015
58.03669	68.5	50.002663
58.087807	68.550003	50.003876
58.139748	68.599998	50.004776
58.192215	68.650002	50.004868
58.244125	68.700005	50.004547
58.296761	68.75	50.00457
58.349487	68.800003	50.004547
58.401009	68.849998	50.003906
58.452675	68.900002	50.003418
58.504349	68.950005	50.003326
58.55513	69	50.002769
58.605583	69.050003	50.001335
58.658314	69.099998	49.998833
58.712196	69.150002	49.998398
58.765324	69.200005	49.996933
58.818512	69.25	49.994621
58.871574	69.300003	49.992615
58.924248	69.349998	49.991791
58.977097	69.400002	49.992096
59.027794	69.450005	49.994225
59.079002	69.5	49.995125
59.129608	69.550003	49.996712
59.180553	69.599998	49.999023
59.230225	69.650002	50.002243
59.280067	69.700005	50.002914
59.332672	69.75	50.002945
59.385101	69.800003	50.003525
59.434875	69.849998	50.003265
59.484726	69.900002	50.002388
59.535973	69.950005	50.002525
59.588524	70	50.004051
59.641823	70.050003	50.005013
59.693504	70.099998	50.004501
59.743469	70.150002	50.003975
59.793671	70.200005	50.002953
59.844604	70.25	50.00296
59.896477	70.300003	50.004509
59.948551	70.349998	50.006111
59.999237	70.400002	50.007957
60.049881	70.450005	50.009628
60.101334	70.5	50.009842
60.152702	70.550003	50.009727
60.203064	70.599998	50.008476
60.25351	70.650002	50.008049
60.30423	70.700005	50.00753
60.35445	70.75	50.008423
60.404549	70.800003	50.010551
60.455078	70.849998	50.010437
60.504692	70.900002	50.008293
60.555267	70.950005	50.006355
60.606331	71	50.004402
60.657269	71.050003	50.00322
60.709335	71.099998	50.001762
60.760796	71.150002	50.000496
60.81295	71.200005	50.000908
60.864838	71.25	50.000771
60.917282	71.300003	49.999977
60.968674	71.349998	49.998833
61.019859	71.400002	49.998466
61.070122	71.450005	49.999512
61.12101	71.5	50
61.171387	71.550003	50.000656
61.221832	71.599998	50.000122
61.273575	71.650002	49.998528
61.323944	71.700005	49.997345
61.374878	71.75	49.995918
61.426231	71.800003	49.993744
61.476784	71.849998	49.992477
61.52813	71.900002	49.993134
61.579597	71.950005	49.992805
61.631187	72	49.993233
61.682632	72.050003	49.993904
61.733665	72.099998	49.994217
61.783928	72.150002	49.995255
61.834236	72.200005	49.996384
61.885887	72.25	49.998428
61.936981	72.300003	49.998268
61.988968	72.349998	49.99752
62.040733	72.400002	49.996368
62.092377	72.450005	49.996346
62.142212	72.5	49.997185
62.192856	72.550003	49.996468
62.243118	72.599998	49.997917
62.294197	72.650002	49.998344
62.345085	72.700005	49.998337
62.397339	72.75	49.998428
62.449318	72.800003	49.997391
62.500481	72.849998	49.997093
62.552353	72.900002	49.996643
62.605293	72.950005	49.995628
62.655472	73	49.994156
62.705292	73.050003	49.995193
62.754906	73.099998	49.996269
62.805069	73.150002	49.997581
62.855835	73.200005	49.998131
62.906479	73.25	49.999542
62.957664	73.300003	49.999382
63.007584	73.349998	49.999435
63.058144	73.400002	49.998283
63.11026	73.450005	49.995712
63.162521	73.5	49.99337
63.213745	73.550003	49.990982
63.266075	73.599998	49.990761
63.31749	73.650002	49.992157
63.368629	73.700005	49.993156
63.418869	73.75	49.994881
63.47039	73.800003	49.997581
63.522133	73.849998	49.998428
63.574455	73.900002	49.999542
63.626495	73.950005	50.000862
63.67672	74	50.002007
63.72821	74.050003	50.002235
63.780884	74.099998	50.003555
63.832817	74.150002	50.00235
63.886368	74.200005	50.00042
63.937241	74.25	49.998749
63.986069	74.300003	49.998871
64.033485	74.349998	49.999001
64.081093	74.400002	49.998581
64.129166	74.450005	49.998009
64.17881	74.5	49.998886
64.228943	74.550003	49.998055
64.278763	74.599998	49.99839
64.327553	74.650002	49.999779
64.376984	74.700005	49.999405
64.428085	74.75	49.997681
64.479561	74.800003	49.996735
64.531311	74.849998	49.997002
64.583466	74.900002	49.996452
64.635765	74.950005	49.99688
64.687492	75	49.997078
64.739517	75.050003	49.997238
64.792404	75.099998	49.997314
64.845108	75.150002	49.997437
64.89711	75.200005	49.995178
64.94944	75.25	49.994629
65.002312	75.300003	49.995964
65.055763	75.349998	49.996086
65.108994	75.400002	49.995163
65.160789	75.450005	49.994995
65.211418	75.5	49.997513
65.261749	75.550003	50.000877
65.310829	75.599998	50.003815
65.359871	75.650002	50.006721
65.41053	75.700005	50.007408
65.462029	75.75	50.007141
65.512169	75.800003	50.005882
65.561531	75.849998	50.006004
65.611015	75.900002	50.007103
65.660255	75.950005	50.007866
65.709496	76	50.008881
65.759377	76.050003	50.00853
65.809219	76.099998	50.007751
65.860718	76.150002	50.006706
65.913788	76.200005	50.005974
65.966179	76.25	50.005043
66.01783	76.300003	50.004677
66.069397	76.349998	50.005119
66.121414	76.400002	50.005821
66.17437	76.450005	50.005783
66.227127	76.5	50.007362
66.279831	76.550003	50.008453
66.331512	76.599998	50.008354
66.383156	76.650002	50.007317
66.434395	76.700005	50.006378
66.486267	76.75	50.005363
66.537346	76.800003	50.00473
66.586098	76.849998	50.003227
66.63488	76.900002	50.001625
66.684509	76.950005	50.00106
66.732933	77	50.000206
66.781822	77.050003	49.999916
66.832535	77.099998	49.998207
66.883583	77.150002	49.996346
66.934196	77.200005	49.995193
66.984917	77.25	49.995422
67.034241	77.300003	49.995499
67.083748	77.349998	49.99678
67.135002	77.400002	49.997948
67.185631	77.450005	49.998703
67.23616	77.5	49.998993
67.286743	77.550003	49.998116
67.338104	77.599998	49.996605
67.389214	77.650002	49.995445
67.441208	77.700005	49.994576
67.491966	77.75	49.993202
67.540207	77.800003	49.992264
67.588081	77.849998	49.991608
67.636475	77.900002	49.991821
67.684479	77.950005	49.992393
67.733948	78	49.993896
67.784706	78.050003	49.995117
67.836143	78.099998	49.996223
67.887405	78.150002	49.999008
67.938705	78.200005	50.003799
67.991325	78.25	50.006523
68.045197	78.300003	50.007523
68.098984	78.349998	50.006096
68.152	78.400002	50.004974
68.204292	78.450005	50.004799
68.256264	78.5	50.003746
68.30761	78.550003	50.003433
68.359406	78.599998	50.004463
68.41185	78.650002	50.003929
68.462143	78.700005	50.002396
68.511879	78.75	50.001694
68.562553	78.800003	49.999214
68.61264	78.849998	49.997665
68.662872	78.900002	49.997009
68.712502	78.950005	49.996933
68.762924	79	49.996857
68.812332	79.050003	49.997971
68.860161	79.099998	49.999458
68.908791	79.150002	50.000885
68.958191	79.200005	50.001923
69.008575	79.25	50.003799
69.06012	79.300003	50.004311
69.11087	79.349998	50.003197
69.161858	79.400002	50.002357
69.213799	79.450005	50.001068
69.266167	79.5	50.000359
69.317757	79.550003	50.000473
69.369011	79.599998	50.000633
69.418922	79.650002	50.000473
69.468124	79.700005	50.001518
69.516945	79.75	50.002213
69.567352	79.800003	50.002769
69.619553	79.849998	50.003029
69.671181	79.900002	50.002747
69.722336	79.950005	50.001251
69.772964	80	50.000404
69.823257	80.050003	49.998833
69.874527	80.099998	49.997154
69.925598	80.150002	49.994583
69.977165	80.200005	49.99382
70.028206	80.25	49.993011
70.078789	80.300003	49.992393
70.128082	80.349998	49.99263
70.17836	80.400002	49.994286
70.230652	80.450005	49.996185
70.283226	80.5	49.99807
70.334824	80.550003	49.998009
70.388252	80.599998	49.997261
70.441368	80.650002	49.996124
70.492317	80.700005	49.995148
70.543686	80.75	49.994026
70.596008	80.800003	49.991821
70.648682	80.849998	49.990883
70.700073	80.900002	49.98938
70.750275	80.950005	49.987541
70.800156	81	49.985481
70.849861	81.050003	49.98497
70.899925	81.099998	49.985428
70.949188	81.150002	49.986992
70.999985	81.200005	49.988335
71.050293	81.25	49.989151
71.099693	81.300003	49.990028
71.149979	81.349998	49.99221
71.201088	81.400002	49.993263
71.250694	81.450005	49.994087
71.300163	81.5	49.99424
71.349922	81.550003	49.994293
71.401169	81.599998	49.993965
71.452881	81.650002	49.992775
71.504753	81.700005	49.992554
71.556313	81.75	49.993752
71.606331	81.800003	49.995255
71.656441	81.849998	49.996017
71.707336	81.900002	49.996269
71.759384	81.950005	49.996437
71.814484	82	49.994484
71.868645	82.050003	49.994286
71.920944	82.099998	49.994865
71.972038	82.150002	49.99279
72.023666	82.200005	49.989418
72.075706	82.25	49.986824
72.126266	82.300003	49.985046
72.176178	82.349998	49.982864
72.22628	82.400002	49.981735
72.273903	82.450005	49.98127
72.322372	82.5	49.980843
72.371849	82.550003	49.981743
72.422348	82.599998	49.983978
72.472794	82.650002	49.987206
72.522308	82.700005	49.988754
72.571747	82.75	49.989738
72.622223	82.800003	49.990494
72.672592	82.849998	49.992004
72.722244	82.900002	49.993568
72.770889	82.950005	49.995148
72.820641	83	49.996338
72.870186	83.050003	49.997208
72.922173	83.099998	49.997871
72.973549	83.150002	49.997673
73.024849	83.200005	49.996964
73.07576	83.25	49.995804
73.127457	83.300003	49.993469
73.177124	83.349998	49.993004
73.225403	83.400002	49.994522
73.273048	83.450005	49.996124
73.321991	83.5	49.99662
73.37043	83.550003	49.996185
73.418091	83.599998	49.996536
73.466064	83.650002	49.996407
73.515816	83.700005	49.996742
73.567261	83.75	49.996178
73.621025	83.800003	49.996582
73.673317	83.849998	49.9972
73.726006	83.900002	49.999039
73.778755	83.950005	50.000641
73.830254	84	50.001122
73.88047	84.050003	50.001534
73.929344	84.099998	50.000786
73.977921	84.150002	50.001785
74.026199	84.200005	50.002441
74.074387	84.25	50.002655
74.122398	84.300003	50.002167
74.172592	84.349998	50.001816
74.223763	84.400002	50.001999
74.275391	84.450005	50.002815
74.326317	84.5	50.004417
74.376907	84.550003	50.004929
74.42894	84.599998	50.006592
74.481148	84.650002	50.00621
74.533142	84.700005	50.006325
74.585327	84.75	50.005608
74.637024	84.800003	50.004395
74.688713	84.849998	50.002296
74.740898	84.900002	50.001083
74.791679	84.950005	50.001648
74.843132	85	50.0019
74.893692	85.050003	50.000595
74.944839	85.099998	50.000557
74.995346	85.150002	50.000931
75.045082	85.200005	50.000816
75.094391	85.25	50.000755
75.144287	85.300003	50.000824
75.193764	85.349998	50.000824
75.242935	85.400002	50.000374
75.292572	85.450005	49.999611
75.342018	85.5	49.99855
75.393494	85.550003	49.997749
75.444206	85.599998	49.996948
75.49601	85.650002	49.995415
75.548851	85.700005	49.995018
75.600693	85.75	49.994949
75.65123	85.800003	49.994576
75.703568	85.849998	49.995491
75.755249	85.900002	49.99453
75.804611	85.950005	49.993843
75.854553	86	49.994217
75.904587	86.050003	49.995285
75.954536	86.099998	49.996712
76.002876	86.150002	49.998161
76.052361	86.200005	50.000137
76.100945	86.25	50.002235
76.148621	86.300003	50.002518
76.197556	86.349998	49.999077
76.248024	86.400002	49.99511
76.29966	86.450005	49.993713
76.351151	86.5	49.9916
76.402458	86.550003	49.989662
76.453812	86.599998	49.98806
76.50338	86.650002	49.987183
76.553062	86.700005	49.987038
76.604362	86.75	49.987633
76.656548	86.800003	49.988342
76.708755	86.849998	49.988701
76.761993	86.900002	49.988831
76.812172	86.950005	49.988976
76.861656	87	49.989372
76.911156	87.050003	49.990089
76.961731	87.099998	49.989891
77.01152	87.150002	49.990593
77.061478	87.200005	49.991158
77.111099	87.25	49.991707
77.159615	87.300003	49.992912
77.207153	87.349998	49.995285
77.256874	87.400002	49.996185
77.30584	87.450005	49.996536
77.355492	87.5	49.996605
77.406807	87.550003	49.99675
77.457962	87.599998	49.995979
77.507996	87.650002	49.995964
77.558533	87.700005	49.995361
77.61071	87.75	49.996208
77.662415	87.800003	49.996826
77.71254	87.849998	49.996323
77.762108	87.900002	49.99469
77.811844	87.950005	49.994156
77.860519	88	49.994286
77.910332	88.050003	49.994316
77.96106	88.099998	49.994003
78.012405	88.150002	49.99321
78.064377	88.200005	49.991699
78.115379	88.25	49.988724
78.164635	88.300003	49.986229
78.216064	88.349998	49.983887
78.267548	88.400002	49.983864
78.319817	88.450005	49.984001
78.370819	88.5	49.984436
78.421661	88.550003	49.984711
78.4729	88.599998	49.985123
78.52343	88.650002	49.985176
78.573586	88.700005	49.986572
78.623306	88.75	49.985977
78.673859	88.800003	49.98642
78.724037	88.849998	49.988007
78.773926	88.900002	49.989952
78.823593	88.950005	49.992302
78.873917	89	49.995712
78.925217	89.050003	49.997543
78.975853	89.099998	49.998062
79.025963	89.150002	49.998466
79.074173	89.200005	49.998909
79.123512	89.25	49.999168
79.173843	89.300003	49.999031
79.224396	89.349998	49.999557
79.273758	89.400002	49.999031
79.321983	89.450005	49.999664
79.372215	89.5	49.999596
79.42466	89.550003	49.999466
79.474976	89.599998	49.998787
79.524712	89.650002	49.996788
79.574829	89.700005	49.995964
79.625923	89.75	49.995033
79.676605	89.800003	49.994049
79.725914	89.849998	49.992592
79.776474	89.900002	49.991463
79.827728	89.950005	49.992508
79.87915	90	49.992973
79.930534	90.050003	49.993065
79.982491	90.099998	49.992203
80.033081	90.150002	49.991676
80.082619	90.200005	49.991653
80.131866	90.25	49.992455
80.181282	90.300003	49.991295
80.231941	90.349998	49.989296
80.282951	90.400002	49.988167
80.331711	90.450005	49.988571
80.381004	90.5	49.989456
80.431023	90.550003	49.990219
80.4823	90.599998	49.991341
80.532791	90.650002	49.992485
80.58403	90.700005	49.991402
80.63343	90.75	49.990227
80.681892	90.800003	49.989021
80.731674	90.849998	49.986145
80.781937	90.900002	49.985413
80.831375	90.950005	49.983978
80.881302	91	49.98378
80.932487	91.050003	49.984009
80.98278	91.099998	49.984047
81.031494	91.150002	49.9832
81.080788	91.200005	49.981567
81.13102	91.25	49.981148
81.180992	91.300003	49.981239
81.23111	91.349998	49.981895
81.281548	91.400002	49.983223
81.331978	91.450005	49.98497
81.382431	91.5	49.986458
81.432777	91.550003	49.987778
81.482834	91.599998	49.988113
81.532707	91.650002	49.988571
81.582428	91.700005	49.988495
81.633026	91.75	49.989098
81.683144	91.800003	49.991135
81.733101	91.849998	49.992264
81.783752	91.900002	49.992035
81.835251	91.950005	49.991768
81.885147	92	49.991371
81.934326	92.050003	49.990692
81.982597	92.099998	49.990501
82.032074	92.150002	49.990021
82.082146	92.200005	49.989937
82.129929	92.25	49.988785
82.178108	92.300003	49.987267
82.226196	92.349998	49.986885
82.274658	92.400002	49.987068
82.323349	92.450005	49.987137
82.372604	92.5	49.987701
82.422356	92.550003	49.989502
82.474121	92.599998	49.990402
82.5252	92.650002	49.990738
82.576523	92.700005	49.990753
82.628059	92.75	49.990143
82.678368	92.800003	49.991508
82.729065	92.849998	49.992973
82.779236	92.900002	49.993332
82.829826	92.950005	49.992737
82.879593	93	49.991737
82.927948	93.050003	49.992172
82.979088	93.099998	49.993088
83.030067	93.150002	49.993828
83.080589	93.200005	49.995728
83.130981	93.25	49.997162
83.180695	93.300003	49.997337
83.229485	93.349998	49.996262
83.280396	93.400002	49.996353
83.332367	93.450005	49.996086
83.384384	93.5	49.996925
83.435493	93.550003	49.997444
83.486076	93.599998	49.998222
83.535538	93.650002	49.997955
83.58493	93.700005	49.99807
83.634758	93.75	49.997581
83.684441	93.800003	49.997162
83.734024	93.849998	49.998276
83.786118	93.900002	49.999313
83.8368	93.950005	49.999657
83.88842	94	49.999664
83.938751	94.050003	49.998978
83.988922	94.099998	49.998566
84.038353	94.150002	49.996788
84.08802	94.200005	49.996643
84.137352	94.25	49.998016
84.186218	94.300003	50.000435
84.23764	94.349998	50.001686
84.290047	94.400002	50.001442
84.341682	94.450005	50.002518
84.392944	94.5	50.00399
84.444351	94.550003	50.005646
84.495132	94.599998	50.005165
84.546059	94.650002	50.003784
84.596649	94.700005	50.001717
84.646568	94.75	49.999672
84.695953	94.800003	49.997711
84.746468	94.849998	49.995033
84.795929	94.900002	49.992729
84.846657	94.950005	49.990974
84.897232	95	49.992203
84.946915	95.050003	49.992149
84.996559	95.099998	49.992142
85.045486	95.150002	49.993004
85.095383	95.200005	49.992645
85.144905	95.25	49.992271
85.193817	95.300003	49.992065
85.242531	95.349998	49.994522
85.291313	95.400002	49.997337
85.33976	95.450005	49.998428
85.389214	95.5	49.998032
85.439102	95.550003	49.996536
85.489143	95.599998	49.997078
85.538322	95.650002	49.997719
85.588318	95.700005	49.997581
85.639046	95.75	49.996834
85.689514	95.800003	49.994949
85.739914	95.849998	49.993027
85.791214	95.900002	49.993706
85.842705	95.950005	49.996063
85.892639	96	49.998833
85.941589	96.050003	50.001106
85.992584	96.099998	50.002205
86.043427	96.150002	50.002625
86.094536	96.200005	50.002899
86.144501	96.25	50.003044
86.191368	96.300003	50.003937
86.239655	96.349998	50.003998
86.289406	96.400002	50.004097
86.339401	96.450005	50.004974
86.390144	96.5	50.00605
86.440331	96.550003	50.006561
86.488297	96.599998	50.007469
86.536995	96.650002	50.008171
86.585266	96.700005	50.008705
86.633507	96.75	50.008469
86.682861	96.800003	50.008125
86.734222	96.849998	50.00605
86.784744	96.900002	50.002609
86.83593	96.950005	49.999779
86.886101	97	49.996468
86.936882	97.050003	49.992737
86.988327	97.099998	49.991493
87.038239	97.150002	49.991348
87.089127	97.200005	49.992432
87.141159	97.25	49.992294
87.19278	97.300003	49.992271
87.24334	97.349998	49.992165
87.293282	97.400002	49.991066
87.341652	97.450005	49.990784
87.390083	97.5	49.991768
87.439491	97.550003	49.993416
87.488579	97.599998	49.993988
87.536629	97.650002	49.995872
87.584488	97.700005	49.997383
87.632759	97.75	49.998474
87.68103	97.800003	49.998787
87.729301	97.849998	49.999603
87.778458	97.900002	50.000076
87.828362	97.950005	50.001579
87.880531	98	50.004028
87.934021	98.050003	50.005684
87.985512	98.099998	50.007042
88.035881	98.150002	50.007065
88.084511	98.200005	50.007751
88.133842	98.25	50.008369
88.183136	98.300003	50.008293
88.231346	98.349998	50.007484
88.278122	98.400002	50.004501
88.328072	98.450005	50.002106
88.379539	98.5	50.000259
88.430412	98.550003	49.998589
88.481682	98.599998	49.997635
88.532181	98.650002	49.998398
88.582413	98.700005	49.996979
88.633446	98.75	49.997543
88.682838	98.800003	49.997864
88.732185	98.849998	49.998909
88.78125	98.900002	49.999275
88.829338	98.950005	49.999069
88.877625	99	49.999474
88.926659	99.050003	49.998177
88.976357	99.099998	49.997284
89.027634	99.150002	49.996361
89.078331	99.200005	49.9953
89.129227	99.25	49.994789
89.179749	99.300003	49.994881
89.228683	99.349998	49.995148
89.277039	99.400002	49.994736
89.324486	99.450005	49.994896
89.373146	99.5	49.99456
89.421829	99.550003	49.993813
89.470383	99.599998	49.992874
89.519302	99.650002	49.99295
89.56752	99.700005	49.992958
89.615265	99.75	49.994316
89.664864	99.800003	49.996529
89.715019	99.849998	49.996918
89.764069	99.900002	49.997948
89.811981	99.950005	49.998428
89.860443	100	49.997375
89.907883	100	49.997299
89.958778	100	49.99749
90.011414	100	49.997078
90.063858	100	49.996201
90.11544	100	49.994453
90.167496	100	49.994583
90.220551	100	49.995598
90.272301	100	49.997246
90.322212	100	49.998459
90.372246	100	49.997643
90.423203	100	49.996185
90.474785	100	49.994522
90.526283	100	49.993103
90.578499	100	49.990753
90.629646	100	49.99012
90.679413	100	49.989891
90.728523	100	49.990875
90.776138	100	49.991776
90.824249	100	49.993378
90.872391	100	49.996765
90.921402	100	49.999115
90.97036	100	50.000076
91.018135	100	50.000565
91.06601	100	50.001823
91.115143	100	50.002716
91.164459	100	50.001801
91.214432	100	50.001221
91.264221	100	49.999046
91.315086	100	49.996307
91.365761	100	49.993935
91.416183	100	49.994644
91.46682	100	49.994614
91.516098	100	49.995949
91.564613	100	49.995743
91.6129	100	49.994232
91.662209	100	49.992424
91.709946	100	49.989929
91.756287	100	49.988007
91.800926	100	49.985596
91.846489	100	49.983162
91.891899	100	49.982628
91.938171	100	49.983391
91.984543	100	49.98439
92.03109	100	49.986145
92.077591	100	49.988121
92.125053	100	49.99012
92.172386	100	49.99118
92.22171	100	49.993042
92.271698	100	49.994698
92.322388	100	49.996529
92.372414	100	49.997719
92.421402	100	49.996727
92.469498	100	49.996147
92.518501	100	49.995079
92.566002	100	49.995277
92.613266	100	49.994926
92.659233	100	49.993156
92.706146	100	49.991653
92.75222	100	49.988853
92.799255	100	49.986931
92.844688	100	49.985275
92.890373	100	49.985146
92.934799	100	49.985756
92.979721	100	49.987534
93.023933	100	49.989487
93.069115	100	49.989899
93.114189	100	49.990662
93.158272	100	49.992317
93.202538	100	49.994827
93.248528	100	49.996681
93.293633	100	49.995522
93.3396	100	49.992531
93.386108	100	49.991402
93.433533	100	49.990891
93.48008	100	49.990059
93.524345	100	49.990173
93.567772	100	49.989906
93.609581	100	49.989235
93.651428	100	49.989349
93.693459	100	49.988953
93.736725	100	49.987747
93.77829	100	49.9869
93.820358	100	49.985382
93.862022	100	49.984413
93.903252	100	49.985008
93.944275	100	49.98613
93.98613	100	49.988106
94.027107	100	49.988777
94.067436	100	49.989883
94.108269	100	49.990257
94.149338	100	49.989586
94.191429	100	49.990425
94.234245	100	49.990494
94.278572	100	49.991486
94.322098	100	49.992447
94.36364	100	49.992867
94.403679	100	49.992447
94.44355	100	49.994408
94.483002	100	49.994499
94.522202	100	49.995186
94.559906	100	49.995003
94.597458	100	49.993385
94.633492	100	49.991966
94.669807	100	49.991684
94.706528	100	49.992683
94.744034	100	49.994789
94.782181	100	49.994972
94.822067	100	49.995087
94.860947	100	49.99469
94.899872	100	49.993919
94.938034	100	49.992287
94.975807	100	49.991531
95.012039	100	49.991219
95.046692	100	49.99231
95.080719	100	49.994202
95.115288	100	49.994675
95.150055	100	49.99427
95.186943	100	49.994339
95.221771	100	49.993744
95.257568	100	49.993187
95.293579	100	49.991394
95.328819	100	49.989754
95.364342	100	49.989349
95.399879	100	49.989182
95.436012	100	49.991508
95.473045	100	49.994148
95.508682	100	49.995079
95.543999	100	49.995148
95.579613	100	49.995773
95.615372	100	49.996429
95.649399	100	49.99688
95.682487	100	49.997772
95.715523	100	49.998581
95.747932	100	49.999039
95.780525	100	49.998756
95.812698	100	49.999245
95.842758	100	50.000229
95.872536	100	49.999924
95.903252	100	49.998413
95.935699	100	49.995888
95.96888	100	49.99559
95.999901	100	49.996384
96.029915	100	49.997551
96.061287	100	49.996964
96.09317	100	49.997429
96.125076	100	50.001144
96.15564	100	50.001923
96.184639	100	50.002373
96.212967	100	50.000984
96.241203	100	49.99942
96.268089	100	49.999184
96.294693	100	50.000031
96.321075	100	50.001175
96.346764	100	50.00074
96.372925	100	50.00087
96.400124	100	50.00042
96.426941	100	49.999283
96.455353	100	49.999245
96.484657	100	49.999702
96.515205	100	50.000908
96.546913	100	50.001617
96.578903	100	50.003372
96.609779	100	50.006111
96.637985	100	50.007408
96.664581	100	50.007645
96.690941	100	50.007477
96.718193	100	50.006973
96.745888	100	50.008224
96.773041	100	50.008324
96.798714	100	50.008873
96.823944	100	50.007317
96.847466	100	50.005501
96.871269	100	50.002968
96.896011	100	49.998589
96.921074	100	49.996056
96.946426	100	49.994576
96.971695	100	49.994263
96.997574	100	49.994568
97.023613	100	49.994598
97.049927	100	49.995834
97.076271	100	49.998184
97.101768	100	50.000656
97.125549	100	50.002579
97.14904	100	50.002983
97.171471	100	50.002357
97.192863	100	50.003235
97.215401	100	50.002609
97.237907	100	50.00132
97.261566	100	50.000069
97.285072	100	49.999603
97.309654	100	49.999794
97.333771	100	50.000465
97.358337	100	50.002342
97.383247	100	50.002464
97.408424	100	50.002625
97.429993	100	50.002754
97.45118	100	50.001396
97.472137	100	50.00145
97.494263	100	49.999969
97.514229	100	49.998184
97.535019	100	49.997314
97.555832	100	49.998207
97.57618	100	49.999504
97.596169	100	50.000801
97.615112	100	50.002792
97.634918	100	50.003593
97.656311	100	50.00441
97.677498	100	50.004166
97.699135	100	50.003838
97.721329	100	50.003609
97.743332	100	50.002289
97.765137	100	50.000961
97.786331	100	49.999954
97.808159	100	49.999001
97.827408	100	49.998138
97.845505	100	49.998131
97.865128	100	49.99678
97.884102	100	49.996124
97.902885	100	49.995651
97.921898	100	49.995987
97.940422	100	49.996933
97.958946	100	49.997421
97.976616	100	49.998276
97.995491	100	49.998787
98.014748	100	49.998375
98.033722	100	49.997803
98.051476	100	49.997406
98.068527	100	49.996078
98.087379	100	49.99395
98.10482	100	49.992455
98.121925	100	49.992996
98.137489	100	49.993752
98.152771	100	49.994461
98.166718	100	49.993332
98.180588	100	49.989708
98.196556	100	49.986137
98.213463	100	49.984718
98.230736	100	49.985229
98.247345	100	49.985626
98.26635	100	49.986504
98.284439	100	49.986885
98.301056	100	49.987404
98.317932	100	49.987968
98.334274	100	49.988899
98.350128	100	49.98877
98.363686	100	49.988251
98.377052	100	49.987595
98.389938	100	49.985832
98.404297	100	49.984955
98.418526	100	49.984535
98.433563	100	49.982422
98.449776	100	49.980598
98.467056	100	49.980064
98.483856	100	49.980957
98.499641	100	49.98127
98.514656	100	49.981354
98.530579	100	49.982018
98.545731	100	49.983582
98.560677	100	49.984581
98.575348	100	49.986443
98.589996	100	49.985939
98.604057	100	49.98687
98.617332	100	49.988144
98.631401	100	49.988708
98.645988	100	49.989578
98.659142	100	49.990074
98.673195	100	49.990288
98.68676	100	49.992706
98.699989	100	49.993637
98.712799	100	49.993301
98.724648	100	49.992851
98.737534	100	49.991394
98.750435	100	49.992348
98.763756	100	49.992676
98.77626	100	49.99292
98.787476	100	49.993629
98.799339	100	49.99398
98.809967	100	49.995308
98.821213	100	49.997421
98.831848	100	49.999504
98.842453	100	50.002045
98.854599	100	50.002441
98.866096	100	50.001686
98.877464	100	50.001839
98.887383	100	50.002937
98.898216	100	50.003998
98.910408	100	50.00528
98.923637	100	50.006073
98.938255	100	50.007195
98.953712	100	50.007164
98.967781	100	50.006752
98.980507	100	50.005814
98.992973	100	50.004662
99.004059	100	50.003601
99.015541	100	50.003578
99.027763	100	50.003876
99.040344	100	50.004829
99.052483	100	50.005432
99.062317	100	50.005363
99.071754	100	50.00589
99.07975	100	50.006531
99.087036	100	50.007271
99.095085	100	50.007103
99.103447	100	50.006363
99.114685	100	50.006187
99.12529	100	50.005394
99.134186	100	50.00396
99.143791	100	50.002541
99.154015	100	50.002541
99.16507	100	50.002472
99.174568	100	50.002937
99.184952	100	50.003983
99.195526	100	50.004646
99.205894	100	50.005043
99.21711	100	50.005577
99.226563	100	50.005493
99.236176	100	50.005577
99.245384	100	50.006157
99.254456	100	50.006111
99.26255	100	50.006157
99.270355	100	50.00621
99.277626	100	50.005409
99.285278	100	50.003517
99.29274	100	50.002014
99.299591	100	50.000839
99.307632	100	49.999878
99.316879	100	49.99987
99.325989	100	50.000122
99.334885	100	50.000717
99.342781	100	50.001717
99.350334	100	50.001671
99.358849	100	50.000214
99.367607	100	50.000641
99.376961	100	50.001221
99.385864	100	50.001389
99.393639	100	50.00145
99.402115	100	50.002274
99.409302	100	50.002281
99.417007	100	50.003937
99.425797	100	50.004593
99.43486	100	50.005173
99.441887	100	50.005363
99.447517	100	50.00621
99.452118	100	50.007324
99.456978	100	50.008278
99.462112	100	50.00898
99.468437	100	50.009468
99.477837	100	50.009514
99.488434	100	50.00956
99.497658	100	50.0093
99.507156	100	50.008606
99.51516	100	50.007286
99.524734	100	50.007126
99.534325	100	50.007759
99.542381	100	50.008163
99.549538	100	50.007347
99.556618	100	50.00695
99.562874	100	50.006561
99.569893	100	50.005508
99.578369	100	50.004517
99.585838	100	50.003319
99.593719	100	50.001053
99.602608	100	49.998474
99.61116	100	49.994797
99.61808	100	49.993027
99.625427	100	49.99205
99.632263	100	49.991882
99.638786	100	49.992096
99.645393	100	49.991882
99.653976	100	49.99221
99.662483	100	49.990936
99.670937	100	49.989891
99.67778	100	49.98967
99.686157	100	49.988441
99.694855	100	49.986259
99.703049	100	49.984825
99.710556	100	49.983803
99.717224	100	49.984955
99.722885	100	49.986504
99.728882	100	49.988525
99.73494	100	49.990875
99.73954	100	49.992821
99.743652	100	49.994522
99.747826	100	49.9963
99.752541	100	49.996254
99.757393	100	49.995613
99.760666	100	49.996201
99.763252	100	49.996872
99.766579	100	49.997032
99.770584	100	49.995827
99.774826	100	49.994385
99.779709	100	49.994926
99.782356	100	49.995193
99.784851	100	49.995972
99.788483	100	49.995872
99.793152	100	49.996277
99.798149	100	49.995636
99.803436	100	49.995895
99.808212	100	49.996086
99.812859	100	49.995567
99.818092	100	49.995598
99.822845	100	49.99588
99.826447	100	49.996735
99.82972	100	49.997818
99.834358	100	49.998665
99.839012	100	49.997314
99.843781	100	49.996407
99.848289	100	49.994781
99.85244	100	49.994621
99.856529	100	49.995193
99.859459	100	49.99588
99.862694	100	49.996979
99.867371	100	49.999435
99.872581	100	50.002708
99.877014	100	50.003189
99.881783	100	50.001289
99.887787	100	50.000839
99.893852	100	49.999481
99.89962	100	49.998863
99.903824	100	49.998138
99.908112	100	49.997711
99.911263	100	49.998047
99.914581	100	49.998291
99.917458	100	49.997803
99.919106	100	49.999397
99.920753	100	50.001488
99.923988	100	50.002838
99.926689	100	50.002724
99.929718	100	50.003578
99.934067	100	50.003265
99.937874	100	50.003609
99.941734	100	50.002495
99.944931	100	50.002495
99.948959	100	50.002434
99.954155	100	50.002701
99.95845	100	50.002769
99.963425	100	50.002716
99.967033	100	50.003288
99.971558	100	50.002258
99.975487	100	50.001755
99.979553	100	50.001556
99.98407	100	50.002724
99.988083	100	50.004272
99.991798	100	50.005257
99.994781	100	50.006203
99.997581	100	50.007843
100.000587	100	50.009918
100.002724	100	50.010765
100.005135	100	50.010361
100.008377	100	50.00972
100.011879	100	50.008667
100.01535	100	50.007675
100.018715	100	50.007393
100.022194	100	50.007271
100.025368	100	50.006882
100.029457	100	50.005371
100.032135	100	50.003662
100.035576	100	50.0037
100.040741	100	50.003548
100.044098	100	50.003647
100.046013	100	50.004616
100.047615	100	50.005585
100.049751	100	50.006721
100.052834	100	50.007439
100.055298	100	50.007675
100.057098	100	50.008484
100.059059	100	50.010254
100.061462	100	50.010712
100.064774	100	50.010696
100.068161	100	50.009361
100.069153	100	50.008179
100.070084	100	50.006676
100.071144	100	50.004478
100.073601	100	50.001801
100.075378	100	50.00016
100.077065	100	49.996506
100.07988	100	49.993492
100.082069	100	49.992203
100.085396	100	49.991875
100.088638	100	49.993095
100.093605	100	49.995239
100.097275	100	49.99807
100.101166	100	50.000862
100.104286	100	50.003082
100.108177	100	50.005447
100.111427	100	50.006409
100.113327	100	50.007767
100.115471	100	50.007935
100.119843	100	50.009369
100.124367	100	50.009644
100.129288	100	50.009178
100.132141	100	50.008057
100.134995	100	50.007889
100.138199	100	50.008987
100.141869	100	50.010239
100.145142	100	50.008148
100.146751	100	50.005997
100.147308	100	50.004318
100.14653	100	50.00325
100.146912	100	50.00087
100.146828	100	49.999077
100.146599	100	49.997673
100.1464	100	49.996986
100.147774	100	49.996399
100.147499	100	49.99424
100.147484	100	49.991966
100.149055	100	49.990211
100.150818	100	49.988686
100.153275	100	49.987885
100.156151	100	49.989128
100.158699	100	49.989159
100.16227	100	49.989204
100.16452	100	49.988716
100.165062	100	49.988716
100.165855	100	49.988213
100.168564	100	49.987549
100.171661	100	49.989624
100.176224	100	49.99128
100.180099	100	49.991325
100.181931	100	49.991188
100.183708	100	49.991844
100.183495	100	49.994598
100.182571	100	49.995834
100.182304	100	49.996788
100.183571	100	49.99691
100.183334	100	49.997849
100.183693	100	49.998863
100.184784	100	50.000786
100.186836	100	50.001648
100.188965	100	50.001854
100.192238	100	50.00132
100.196167	100	50.001396
100.200821	100	50.00177
100.204613	100	50.003357
100.207138	100	50.005318
100.210304	100	50.005775
100.213997	100	50.00528
100.217484	100	50.005104
100.219536	100	50.006233
100.222397	100	50.006638
100.22348	100	50.007004
100.224457	100	50.007561
100.224693	100	50.009598
100.226578	100	50.010147
100.226105	100	50.009598
100.22625	100	50.010262
100.226517	100	50.011017
100.226234	100	50.010368
100.22699	100	50.00869
100.226646	100	50.007957
100.22673	100	50.006424
100.227448	100	50.00473
100.227921	100	50.002625
100.229408	100	50.000648
100.231277	100	49.999397
100.232582	100	49.998512
100.233284	100	49.997849
100.235573	100	49.998726
100.237411	100	49.999176
100.239136	100	49.99987
100.241188	100	50.00087
100.241814	100	50.002602
100.241966	100	50.004272
100.243065	100	50.005768
100.243301	100	50.006645
100.243752	100	50.008087
100.243965	100	50.008087
100.245033	100	50.007507
100.245537	100	50.005539
100.245369	100	50.00489
100.244949	100	50.003883
100.245125	100	50.002441
100.245811	100	50.001083
100.246674	100	50.000168
100.247368	100	49.999512
100.248878	100	49.999397
100.25016	100	49.999138
100.25103	100	49.999779
100.251076	100	50.00074
100.252815	100	50.000969
100.254036	100	50.000755
100.256104	100	50.00087
100.25856	100	50.002258
100.260429	100	50.003784
100.259842	100	50.006454
100.260826	100	50.008652
100.261963	100	50.009613
100.261337	100	50.009987
100.260185	100	50.009026
100.259193	100	50.00737
100.259575	100	50.007179
100.260399	100	50.007278
100.262848	100	50.007942
100.26487	100	50.00798
100.264793	100	50.007019
100.263855	100	50.005463
100.261864	100	50.003487
100.262047	100	50.00058
100.263916	100	49.999466
100.267532	100	49.999527
100.271233	100	50.000015
100.273369	100	50.00013
100.276031	100	50.000282
100.278587	100	50.000458
100.280182	100	50.00074
100.279373	100	49.999977
100.27858	100	49.999931
100.278419	100	50.001122
100.279015	100	50.00174
100.279915	100	50.003342
100.281548	100	50.002815
100.283127	100	50.002281
100.284821	100	50.000908
100.285896	100	50.000565
100.286118	100	50.001297
100.283539	100	50.001427
100.280174	100	50.002663
100.277328	100	50.003891
100.275665	100	50.005997
100.27594	100	50.007645
100.275337	100	50.00853
100.275467	100	50.009781
100.276848	100	50.011299
100.276924	100	50.012199
100.278839	100	50.0112
100.280563	100	50.009674
100.282845	100	50.007889
100.28447	100	50.004547
100.285645	100	50.001099
100.284653	100	49.997627
100.285721	100	49.99408
100.287231	100	49.992096
100.28894	100	49.989899
100.290421	100	49.987923
100.290596	100	49.986465
100.290344	100	49.985687
100.291977	100	49.985176
100.29248	100	49.986023
100.294205	100	49.988251
100.297073	100	49.991142
100.300522	100	49.992996
100.303108	100	49.995163
100.305023	100	49.995613
100.305756	100	49.997261
100.306168	100	49.998894
100.305695	100	50.000999
100.304443	100	50.003746
100.303406	100	50.006531
100.30188	100	50.007393
100.300598	100	50.007423
100.301414	100	50.006325
100.303566	100	50.007088
100.305885	100	50.006325
100.308838	100	50.003181
100.311432	100	49.999153
100.313972	100	49.995712
100.316971	100	49.995407
100.318703	100	49.995094
100.317474	100	49.996689
100.314651	100	49.998001
100.312965	100	49.999466
100.31192	100	50.000603
100.311661	100	50.001205
100.310631	100	50.000206
100.309311	100	49.999245
100.309212	100	49.998161
100.309456	100	49.998047
100.310326	100	49.998161
100.311684	100	49.997528
100.312256	100	49.996712
100.312813	100	49.996101
100.313324	100	49.996353
100.31356	100	49.996346
100.314278	100	49.996681
100.314293	100	49.995171
100.313309	100	49.993683
100.313164	100	49.993629
100.313187	100	49.995506
100.313049	100	49.998344
100.313736	100	50.000443
100.314224	100	50.002876
100.314201	100	50.005737
100.313751	100	50.008812
100.313789	100	50.011055
100.315399	100	50.01178
100.318436	100	50.011047
100.319275	100	50.010567
100.318733	100	50.008057
100.318733	100	50.005775
100.31958	100	50.003441
100.319504	100	50.001778
100.318802	100	50.000816
100.317711	100	49.999222
100.316452	100	49.997673
100.316147	100	49.996437
100.314865	100	49.995163
100.314362	100	49.99604
100.315163	100	49.997955
100.316139	100	49.99791
100.317085	100	49.99926
100.318047	100	50.00106
100.317871	100	50.00251
100.317818	100	50.003624
100.31675	100	50.003311
100.317352	100	50.002892
100.31781	100	50.00235
100.316696	100	50.001381
100.316269	100	50.001602
100.315338	100	50.002899
100.313553	100	50.004463
100.31118	100	50.005829
100.309578	100	50.005486
100.307755	100	50.004852
100.305946	100	50.00515
100.304489	100	50.005264
100.302147	100	50.005386
100.300987	100	50.006142
100.30024	100	50.00766
100.30117	100	50.007675
100.301514	100	50.007065
100.303726	100	50.00695
100.305756	100	50.006493
100.306602	100	50.008011
100.307869	100	50.008163
100.309479	100	50.007584
100.310997	100	50.007477
100.311302	100	50.005844
100.311241	100	50.004555
100.312012	100	50.004539
100.311226	100	50.003464
100.309601	100	50.002045
100.307854	100	50.000778
100.306679	100	50.000557
100.305862	100	50.000519
100.307053	100	49.999115
100.306602	100	49.998695
100.305099	100	49.999619
100.304504	100	49.999245
100.303406	100	49.998634
100.302826	100	49.999763
100.302261	100	50.001671
100.301689	100	50.002098
100.301315	100	50.002426
100.300781	100	50.002258
100.300385	100	50.002869
100.300133	100	50.004448
100.299118	100	50.005676
100.29953	100	50.00721
100.300224	100	50.00766
100.301125	100	50.007156
100.302048	100	50.006638
100.302437	100	50.006149
100.303963	100	50.003883
100.305756	100	49.999718
100.307625	100	49.996223
100.310234	100	49.995308
100.312386	100	49.996452
100.312798	100	49.998253
100.314629	100	49.999695
100.315239	100	49.999947
100.314491	100	50.000847
100.31485	100	50.00209
100.313835	100	50.002769
100.311508	100	50.002724
100.310555	100	50.003242
100.310951	100	50.003288
100.309837	100	50.003929
100.307915	100	50.005783
100.305984	100	50.006622
100.30455	100	50.007774
100.303215	100	50.00782
100.302406	100	50.009048
100.300255	100	50.009438
100.300011	100	50.00853
100.300583	100	50.006996
100.300285	100	50.004539
100.299049	100	50.000587
100.298195	100	49.997955
100.298119	100	49.997246
100.298553	100	49.997101
100.300896	100	49.997734
100.303604	100	49.999634
100.306175	100	50
100.309631	100	50.002357
100.313797	100	50.003174
100.317993	100	50.00267
100.319511	100	50.002419
100.320236	100	50.002243
100.320381	100	50.003525
100.318672	100	50.003891
100.316872	100	50.001442
100.315849	100	50.000641
100.313965	100	49.999756
100.313354	100	49.999672
100.311752	100	50.00074
100.31086	100	50.001343
100.308464	100	50.002335
100.306076	100	50.003578
100.303696	100	50.004585
100.302567	100	50.005531
100.30336	100	50.007149
100.303459	100	50.007797
100.301666	100	50.007851
100.300232	100	50.00592
100.300072	100	50.005592
100.2995	100	50.006622
100.299469	100	50.006989
100.298134	100	50.006721
100.297546	100	50.006325
100.297676	100	50.006096
100.296852	100	50.005997
100.297058	100	50.005997
100.298141	100	50.004898
100.297478	100	50.002213
100.297165	100	50.000824
100.297676	100	50.000397
100.298981	100	50.00061
100.299583	100	50.000656
100.300209	100	50.000938
100.30085	100	50.001198
100.300835	100	50.001839
100.302361	100	50.001587
100.302536	100	50.001762
100.302444	100	50.00074
100.30201	100	49.999374
100.301414	100	50.000122
100.300674	100	49.999947
100.301468	100	50.000206
100.301933	100	50.001244
100.301674	100	49.999985
100.302383	100	49.999382
100.303101	100	49.998238
100.302666	100	49.998764
100.302528	100	49.99987
100.301765	100	50.00103
100.300323	100	50.001549
100.298134	100	50.003891
100.298241	100	50.00499
100.298492	100	50.003578
100.299286	100	50.001816
100.30069	100	50.002533
100.301926	100	50.003738
100.302559	100	50.004921
100.302765	100	50.006241
100.304253	100	50.005417
100.305534	100	50.006065
100.305923	100	50.00795
100.305412	100	50.007843
100.30323	100	50.008003
100.301529	100	50.00605
100.2994	100	50.00473
100.297623	100	50.003838
100.29509	100	50.004135
100.294067	100	50.004089
100.29422	100	50.004547
100.293785	100	50.006874
100.292427	100	50.008919
100.28978	100	50.009247
100.286011	100	50.009277
100.283791	100	50.00946
100.284172	100	50.009933
100.285316	100	50.010857
100.284706	100	50.011414
100.283783	100	50.011436
100.283661	100	50.009781
100.284546	100	50.008507
100.284996	100	50.007553
100.284889	100	50.005875
100.283218	100	50.003578
100.282349	100	50.002327
100.282661	100	50.002487
100.282127	100	50.001823
100.28009	100	50.000275
100.27858	100	49.99852
100.27636	100	49.998604
100.275406	100	49.999931
100.274139	100	50.001526
100.273209	100	50.001305
100.274422	100	50.000641
100.274521	100	50.001854
100.273346	100	50.002899
100.272949	100	50.002197
100.271736	100	50.002197
100.271019	100	50.002518
100.269249	100	50.000984
100.268944	100	50.001175
100.268318	100	50.000931
100.267197	100	50.00032
100.266342	100	49.99823
100.2687	100	49.996208
100.270638	100	49.995537
100.272102	100	49.995377
100.272675	100	49.996826
100.27404	100	49.999664
100.276733	100	50.002487
100.279449	100	50.005119
100.280037	100	50.009087
100.281792	100	50.011902
100.283363	100	50.01255
100.283409	100	50.01326
100.283325	100	50.012283
100.282478	100	50.011116
100.281723	100	50.010284
100.280235	100	50.008362
100.278122	100	50.006439
100.27877	100	50.003471
100.278801	100	50.001259
100.279434	100	50.002525
100.279968	100	50.003044
100.278793	100	50.002441
100.276978	100	50.00267
100.276314	100	50.002205
100.27597	100	50.00116
100.275169	100	50.000847
100.275711	100	50.001221
100.275734	100	50.000549
100.275497	100	50.001022
100.274933	100	50.000313
100.275269	100	49.999969
100.275093	100	49.999847
100.274666	100	50.00058
100.27317	100	50.001991
100.2742	100	50.004593
100.274292	100	50.005745
100.272552	100	50.006332
100.271248	100	50.007523
100.27018	100	50.007439
100.269012	100	50.006683
100.269531	100	50.006104
100.269791	100	50.004211
100.270477	100	50.003929
100.271072	100	50.002777
100.270256	100	50.001259
100.269951	100	49.999352
100.270317	100	49.999245
100.269653	100	50.000374
100.269035	100	50.001869
100.268951	100	50.00325
100.269455	100	50.003525
100.268394	100	50.00351
100.266144	100	50.003578
100.263496	100	50.003235
100.263603	100	50.003532
100.263275	100	50.003502
100.266014	100	50.003654
100.268768	100	50.00489
100.270325	100	50.005341
100.270721	100	50.005745
100.27224	100	50.005432
100.273033	100	50.004593
100.273811	100	50.003738
100.274628	100	50.003471
100.272804	100	50.00325
100.270706	100	50.003799
100.269455	100	50.004211
100.268127	100	50.00396
100.266663	100	50.003441
100.264458	100	50.002449
100.263313	100	50.00251
100.262711	100	50.002136
100.262306	100	50.001076
100.260918	100	50.000351
100.259804	100	50.00042
100.257462	100	49.998444
100.255455	100	49.997871
100.254196	100	49.997993
100.252914	100	49.996338
100.253494	100	49.994698
100.255234	100	49.992294
100.257423	100	49.990242
100.258759	100	49.99221
100.260262	100	49.994759
100.262856	100	49.99617
100.263306	100	49.999329
100.261513	100	50.002747
100.259392	100	50.005669
100.258217	100	50.008522
100.256805	100	50.01123
100.256371	100	50.011665
100.25679	100	50.010521
100.257782	100	50.008469
100.257629	100	50.007286
100.256744	100	50.007149
100.256302	100	50.006813
100.255432	100	50.005867
100.252983	100	50.00499
100.251762	100	50.003952
100.251144	100	50.002281
100.250549	100	50.000954
100.250351	100	50.002045
100.251961	100	50.002922
100.252541	100	50.004242
100.252937	100	50.004494
100.254005	100	50.00489
100.252319	100	50.005836
100.251312	100	50.005531
100.250641	100	50.00544
100.250244	100	50.005684
100.250275	100	50.006432
