[Graph\ Configuration]
Version=1
NrCurves=2
FFTNrCurves=0
Title=
XAxisLabel=Time / s
YAxisLabel=Current Position of axis1
Y2AxisLabel=Current Position of axis3
SameScaleXY=0
XAxisLinear=1
YAxisLinear=1
FFT=0
[Graph\ Configuration/Curve1]
CustomName=Current Position of axis1
XSliceArray=Current Position of axis1
XSliceName=Time
YSliceArray=Current Position of axis1
YSliceName=Current Position of axis1
[Graph\ Configuration/Curve1/style]
ColorRed=33
ColorGreen=67
ColorBlue=163
SolidPoint=1
LineType=100
PointSymbol=0
Width=2
Shown=1
Identify=1
Y2Axis=0
[Graph\ Configuration/Curve2]
CustomName=Target Position of axis1
XSliceArray=Current Position of axis1
XSliceName=Time
YSliceArray=Current Position of axis1
YSliceName=Target Position of axis1
[Graph\ Configuration/Curve2/style]
ColorRed=255
ColorGreen=154
ColorBlue=79
SolidPoint=1
LineType=100
PointSymbol=0
Width=2
Shown=1
Identify=1
Y2Axis=0
[GCS_ARRAY Current Position of axis1]
# VERSION = 1
# TYPE = 1
# SEPARATOR = 9
# DIM = 2
# SAMPLE_TIME = 5e-005
# NDATA = 2000
#
# NAME0 = Current Position of axis1
# NAME1 = Target Position of axis1
#
# END_HEADER
-0.005732	0
-0.006006	0.000247
-0.005049	0.000986
-0.002369	0.00222
0.000549	0.003946
0.003448	0.006166
0.004972	0.008881
0.005222	0.012091
0.006096	0.015789
0.006325	0.019982
0.007381	0.024673
0.008022	0.02985
0.009478	0.035527
0.010395	0.041693
0.011805	0.048351
0.011232	0.055507
0.00972	0.063151
0.008297	0.07129
0.00622	0.079921
0.004097	0.089046
0.00267	0.098664
0.001202	0.108773
-0.000147	0.119376
-0.000536	0.130469
0.000549	0.142056
-0.000288	0.154132
-0.000278	0.166702
-0.000435	0.179768
-0.001181	0.193319
-0.001707	0.207365
-0.001226	0.221902
-0.000715	0.236928
-0.000366	0.25245
-0.000473	0.268459
-0.001066	0.284958
-0.003222	0.301951
-0.004381	0.319433
-0.004944	0.337407
-0.00428	0.35587
-0.004332	0.374824
-0.003504	0.394267
-0.002281	0.414199
-0.000246	0.434619
0.000563	0.455528
-0.001148	0.476927
-0.000441	0.498813
-0.000301	0.521195
0.000406	0.544059
0.000854	0.567412
0.001307	0.591254
0.001171	0.615579
0.001083	0.640398
0.000338	0.6657
0.000603	0.691491
0.001413	0.717768
0.002337	0.744534
0.003845	0.771785
0.005287	0.799519
0.007172	0.827736
0.008995	0.856447
0.009947	0.885636
0.010113	0.915313
0.010145	0.945473
0.010843	0.976115
0.013958	1.007247
0.01679	1.038858
0.018595	1.070952
0.019516	1.103532
0.021881	1.136592
0.023024	1.170135
0.025599	1.20416
0.027077	1.238668
0.02825	1.273656
0.028387	1.309124
0.026541	1.345074
0.026381	1.381505
0.025671	1.418412
0.02466	1.455799
0.023064	1.493669
0.021221	1.532018
0.020472	1.570839
0.019159	1.610145
0.018459	1.649925
0.018944	1.690182
0.018974	1.730916
0.018541	1.77213
0.020027	1.813817
0.020933	1.855975
0.021839	1.898617
0.023283	1.941729
0.024181	1.985314
0.025393	2.029377
0.027849	2.073908
0.030664	2.118918
0.032925	2.164394
0.035404	2.210349
0.039118	2.256772
0.043358	2.303666
0.047029	2.351034
0.051102	2.398866
0.055019	2.447176
0.059973	2.495947
0.06325	2.54519
0.065929	2.594906
0.067455	2.645081
0.06855	2.69573
0.069281	2.746844
0.069912	2.798426
0.072456	2.850473
0.076092	2.902982
0.079092	2.955961
0.082285	3.009403
0.0858	3.063306
0.088617	3.117675
0.091558	3.172505
0.09395	3.227797
0.095877	3.283554
0.097803	3.339767
0.099953	3.39644
0.103739	3.453577
0.109539	3.511176
0.115168	3.569227
0.120565	3.627741
0.125376	3.686708
0.129927	3.74614
0.134697	3.806022
0.139643	3.866363
0.14439	3.927159
0.148493	3.988406
0.151638	4.050112
0.155495	4.112267
0.160049	4.174876
0.164207	4.237941
0.167803	4.301453
0.171923	4.36542
0.177	4.429835
0.180998	4.4947
0.185429	4.560015
0.188955	4.625776
0.194138	4.691988
0.199389	4.758647
0.205795	4.825753
0.213068	4.893303
0.219271	4.961294
0.22443	5.029735
0.228767	5.098623
0.235003	5.167946
0.242088	5.237717
0.248512	5.307925
0.255661	5.37858
0.262554	5.449674
0.270046	5.521205
0.277843	5.593178
0.285189	5.665586
0.291433	5.738434
0.298668	5.811718
0.307774	5.885437
0.316191	5.959591
0.324249	6.034184
0.332554	6.109208
0.342278	6.184668
0.351408	6.260556
0.361423	6.336874
0.371988	6.413627
0.381639	6.490812
0.391441	6.568426
0.401522	6.646466
0.410559	6.72493
0.418293	6.803828
0.426439	6.88315
0.43499	6.962901
0.446087	7.04307
0.457165	7.123664
0.467623	7.204685
0.477211	7.286129
0.486582	7.367992
0.495775	7.450276
0.505596	7.532978
0.515059	7.616103
0.526484	7.699645
0.538759	7.783604
0.549641	7.86798
0.562162	7.952771
0.576052	8.037975
0.590506	8.123597
0.604286	8.209631
0.618378	8.296079
0.632452	8.382935
0.647406	8.470204
0.66256	8.557883
0.676958	8.645969
0.691458	8.734465
0.706976	8.823368
0.722383	8.91268
0.735071	9.002394
0.74828	9.092513
0.761896	9.183037
0.777876	9.273961
0.794098	9.365291
0.810286	9.457022
0.826426	9.54915
0.84338	9.641677
0.858698	9.734604
0.873768	9.827929
0.889704	9.921652
0.907152	10.015768
0.924643	10.110277
0.942122	10.205182
0.959114	10.300478
0.974615	10.396171
0.990829	10.49225
1.006777	10.588717
1.023846	10.685578
1.041254	10.782823
1.05986	10.880459
1.078758	10.978478
1.096647	11.076885
1.115618	11.175674
1.135281	11.274844
1.15468	11.374399
1.174807	11.474339
1.194189	11.574653
1.211246	11.675349
1.229914	11.776423
1.248507	11.877873
1.266441	11.979699
1.285202	12.081903
1.307486	12.18448
1.330784	12.287429
1.355021	12.390751
1.378109	12.494445
1.400995	12.598509
1.423449	12.702942
1.445261	12.807742
1.466522	12.912911
1.487915	13.018444
1.509398	13.124341
1.532646	13.230607
1.556477	13.337231
1.581312	13.444221
1.60343	13.551566
1.625589	13.659275
1.649624	13.767341
1.674711	13.875768
1.701597	13.984549
1.729414	14.093685
1.757208	14.203173
1.782358	14.313019
1.807062	14.423216
1.831894	14.533764
1.857145	14.644659
1.882874	14.755905
1.910416	14.867499
1.939211	14.97944
1.969244	15.091729
1.998169	15.204358
2.025011	15.317333
2.053762	15.43065
2.083405	15.544308
2.114065	15.658307
2.145163	15.772644
2.17487	15.88732
2.205486	16.002331
2.236702	16.117678
2.267954	16.233358
2.299025	16.349375
2.329618	16.465721
2.362087	16.582399
2.396149	16.699404
2.429253	16.816742
2.463318	16.934406
2.496136	17.052397
2.528198	17.170712
2.56031	17.289349
2.593702	17.408312
2.627138	17.527596
2.660149	17.647202
2.693205	17.767126
2.727964	17.887365
2.762135	18.007925
2.796448	18.128798
2.831808	18.249989
2.867836	18.371492
2.904961	18.493307
2.941895	18.615431
2.981379	18.737865
3.021355	18.860609
3.060825	18.983662
3.100155	19.107019
3.139072	19.230682
3.178543	19.354647
3.218372	19.478914
3.258446	19.603481
3.299187	19.728354
3.340303	19.853523
3.382593	19.978989
3.425316	20.104748
3.467157	20.230806
3.508787	20.357159
3.549999	20.483801
3.591305	20.610737
3.632208	20.737961
3.672943	20.865473
3.715601	20.993275
3.759314	21.121365
3.801533	21.249735
3.845247	21.378391
3.889458	21.507332
3.934399	21.636551
3.979702	21.766052
4.024849	21.895832
4.068674	22.025887
4.111727	22.156218
4.158104	22.286823
4.20475	22.417704
4.253489	22.548861
4.302494	22.680283
4.351027	22.811975
4.400255	22.943935
4.449617	23.076164
4.498896	23.20866
4.547703	23.341417
4.595787	23.47444
4.644423	23.607725
4.693298	23.741266
4.740772	23.875072
4.788713	24.009129
4.836567	24.143448
4.887152	24.278021
4.938414	24.412849
4.990107	24.547928
5.04174	24.683258
5.096062	24.81884
5.150278	24.954664
5.204737	25.090742
5.258816	25.227066
5.311872	25.36363
5.366198	25.500441
5.419741	25.637489
5.474312	25.774782
5.529749	25.912317
5.584595	26.050085
5.640451	26.188091
5.697184	26.326328
5.752037	26.464802
5.807665	26.603504
5.865274	26.742447
5.92314	26.881611
5.980309	27.021004
6.036808	27.160627
6.092674	27.30047
6.150026	27.440544
6.209377	27.580839
6.269892	27.721352
6.331104	27.862089
6.394054	28.003036
6.457628	28.144211
6.521734	28.285599
6.587194	28.427197
6.651348	28.569014
6.715521	28.711033
6.778917	28.853268
6.842258	28.995716
6.905416	29.138363
6.96932	29.281223
7.033207	29.42428
7.098085	29.567545
7.163692	29.711008
7.228781	29.854675
7.291569	29.998545
7.354967	30.142605
7.419716	30.286863
7.487965	30.431313
7.557684	30.57596
7.626209	30.7208
7.695686	30.865824
7.766335	31.011045
7.838512	31.156445
7.907188	31.30204
7.976074	31.447815
8.045551	31.593769
8.115429	31.739914
8.186573	31.886229
8.258022	32.03273
8.330526	32.179405
8.403618	32.326256
8.477671	32.473286
8.552206	32.62048
8.626217	32.767853
8.7005	32.91539
8.773849	33.063103
8.847519	33.210979
8.921638	33.35902
8.994024	33.507229
9.066908	33.655594
9.142242	33.804127
9.218971	33.95282
9.296114	34.101665
9.372877	34.250675
9.450172	34.39983
9.526705	34.549149
9.603733	34.69862
9.680698	34.848236
9.760181	34.998005
9.840164	35.147919
9.920425	35.297985
10.000065	35.448189
10.080238	35.598541
10.160749	35.749035
10.243355	35.89967
10.325983	36.050446
10.409821	36.201351
10.492891	36.352402
10.574993	36.503586
10.658085	36.6549
10.740959	36.806347
10.823177	36.95792
10.907242	37.109631
10.990639	37.261467
11.075418	37.413422
11.160162	37.565506
11.245838	37.717709
11.331598	37.870037
11.416716	38.022488
11.501966	38.175049
11.586945	38.327732
11.674702	38.480526
11.764069	38.633438
11.853079	38.786461
11.942324	38.939594
12.03339	39.092838
12.125679	39.246185
12.217247	39.399643
12.309614	39.5532
12.401121	39.706867
12.494995	39.860638
12.587999	40.0145
12.680534	40.168465
12.773238	40.322525
12.866144	40.476685
12.960277	40.630936
13.054667	40.785278
13.149765	40.939713
13.245511	41.094231
13.339732	41.248848
13.432713	41.403542
13.527143	41.558327
13.622375	41.713196
13.718735	41.868137
13.815449	42.02317
13.913514	42.178272
14.01191	42.333458
14.110062	42.488724
14.207375	42.644054
14.304296	42.799461
14.401952	42.954937
14.499783	43.110485
14.598271	43.266102
14.697621	43.42178
14.797296	43.57753
14.898099	43.733334
15.000055	43.88921
15.103214	44.045143
15.206218	44.201134
15.30983	44.357182
15.413652	44.513283
15.518948	44.669445
15.624831	44.825649
15.731101	44.981915
15.837801	45.138229
15.942955	45.294582
16.046431	45.450993
16.149769	45.607437
16.253246	45.763935
16.35778	45.920471
16.462765	46.077042
16.568737	46.233662
16.674892	46.390308
16.782482	46.546997
16.890753	46.703724
16.998524	46.860474
17.105297	47.017262
17.213984	47.174072
17.322645	47.330917
17.432568	47.487782
17.542641	47.644676
17.653269	47.801598
17.763983	47.95853
17.8755	48.115494
17.987621	48.272465
18.099157	48.429462
18.210468	48.586472
18.322983	48.743492
18.43638	48.900532
18.549427	49.057575
18.664524	49.214634
18.778952	49.3717
18.89386	49.528767
19.00923	49.685844
19.126156	49.842918
19.242035	50
19.359798	50.157082
19.475712	50.314159
19.590649	50.471233
19.706268	50.6283
19.82234	50.78537
19.940817	50.942421
20.060202	51.099468
20.180988	51.256508
20.299894	51.413525
20.418156	51.570541
20.537018	51.727528
20.657476	51.884506
20.779194	52.04147
20.90074	52.198402
21.023071	52.355324
21.14469	52.512211
21.266012	52.669083
21.386528	52.825928
21.508961	52.982742
21.632019	53.139526
21.753765	53.29628
21.875937	53.453003
21.996729	53.609688
22.117462	53.766338
22.238956	53.922958
22.362026	54.079525
22.484781	54.236065
22.608088	54.392559
22.731052	54.549007
22.853386	54.705418
22.976345	54.861771
23.10251	55.018085
23.229086	55.174343
23.357149	55.330555
23.485062	55.486713
23.613796	55.642818
23.743668	55.79887
23.872183	55.954857
24.000319	56.110786
24.129375	56.266666
24.2593	56.42247
24.389791	56.57822
24.520967	56.733894
24.651661	56.889515
24.783865	57.045059
24.916	57.200539
25.046684	57.355946
25.176792	57.511276
25.3055	57.666542
25.434999	57.82172
25.565235	57.97683
25.697226	58.131863
25.831627	58.286804
25.965958	58.441673
26.099192	58.596451
26.231453	58.751152
26.364304	58.905769
26.497398	59.060287
26.631132	59.214722
26.765558	59.369064
26.90143	59.523319
27.038372	59.677471
27.175194	59.831535
27.312092	59.9855
27.449368	60.139362
27.584724	60.293133
27.720133	60.446793
27.85643	60.600353
27.993441	60.753815
28.132769	60.907162
28.272253	61.060406
28.411873	61.213535
28.551781	61.366558
28.690681	61.519474
28.828772	61.672272
28.967293	61.824955
29.107697	61.977512
29.248613	62.129963
29.3894	62.282288
29.531052	62.434494
29.672482	62.586582
29.812443	62.738537
29.95207	62.890369
30.09099	63.042076
30.231886	63.193657
30.372957	63.3451
30.513958	63.49641
30.65559	63.647598
30.796822	63.798641
30.936903	63.949554
31.077984	64.100334
31.218899	64.250961
31.361774	64.401459
31.503887	64.551804
31.64632	64.702019
31.790327	64.852081
31.933062	65.001991
32.076042	65.151764
32.220348	65.301384
32.366135	65.450844
32.510078	65.600166
32.653542	65.749321
32.797771	65.898338
32.9426	66.04718
33.088356	66.195869
33.233562	66.344398
33.380215	66.492775
33.52705	66.640976
33.672085	66.789017
33.816792	66.936897
33.962765	67.084602
34.110188	67.232147
34.258659	67.379524
34.408897	67.526718
34.558937	67.673744
34.707829	67.820587
34.85619	67.96727
35.005043	68.11377
35.153042	68.260086
35.301712	68.406227
35.451145	68.552185
35.60067	68.69796
35.750191	68.843552
35.900936	68.988953
36.051353	69.134178
36.20274	69.279198
36.353405	69.424042
36.504417	69.56868
36.655552	69.713142
36.806995	69.857391
36.958572	70.001457
37.110069	70.145325
37.260952	70.288986
37.411697	70.432457
37.56237	70.575722
37.711895	70.718781
37.862	70.861633
38.014118	71.00428
38.166107	71.146736
38.316994	71.288971
38.467999	71.430992
38.61882	71.5728
38.770348	71.714401
38.923698	71.855789
39.077194	71.996964
39.231483	72.137917
39.384621	72.278641
39.537071	72.419159
39.688663	72.559448
39.841648	72.699532
39.996788	72.839371
40.150513	72.978989
40.30191	73.118385
40.455242	73.257553
40.6092	73.396492
40.762306	73.535194
40.914932	73.673668
41.068638	73.811913
41.221146	73.949913
41.373974	74.087692
41.528458	74.225212
41.683178	74.362503
41.837719	74.499557
41.99263	74.636368
42.146378	74.772934
42.298676	74.909248
42.450165	75.045326
42.602737	75.18116
42.756905	75.316742
42.910362	75.45208
43.065197	75.587151
43.222286	75.721977
43.378769	75.856552
43.534737	75.990868
43.68988	76.124931
43.845833	76.258728
44.00103	76.392273
44.154179	76.525558
44.307747	76.658585
44.461643	76.791344
44.616741	76.923836
44.77121	77.056061
44.926647	77.188026
45.082863	77.319717
45.23938	77.451149
45.395321	77.582291
45.551567	77.713173
45.707596	77.843788
45.861786	77.974113
46.016327	78.104164
46.171429	78.233948
46.327774	78.363449
46.484627	78.492668
46.642403	78.621613
46.800789	78.750259
46.959972	78.878632
47.11824	79.006721
47.275764	79.134521
47.433174	79.262039
47.589291	79.389259
47.744171	79.516197
47.899597	79.642845
48.054985	79.769196
48.211998	79.895248
48.369202	80.021011
48.526726	80.146477
48.682858	80.271652
48.838295	80.396523
48.994003	80.521088
49.148758	80.645348
49.302322	80.769318
49.455475	80.892982
49.60833	81.016335
49.762024	81.139397
49.918274	81.262131
50.075951	81.384567
50.23185	81.506691
50.388493	81.62851
50.544296	81.750015
50.70076	81.871201
50.856384	81.992073
51.011246	82.112633
51.166786	82.23288
51.321907	82.352806
51.476463	82.472397
51.630913	82.59169
51.783623	82.710648
51.939621	82.829292
52.09668	82.947601
52.253731	83.06559
52.410652	83.18325
52.567291	83.300598
52.723885	83.417603
52.880005	83.534279
53.034592	83.650627
53.189056	83.76664
53.34359	83.882317
53.50119	83.997673
53.658939	84.112679
53.816299	84.227356
53.972645	84.34169
54.128689	84.455696
54.284752	84.569351
54.440071	84.682663
54.595009	84.795639
54.749008	84.908272
54.901047	85.020561
55.054085	85.132507
55.208168	85.244087
55.363136	85.355339
55.518242	85.466232
55.673004	85.576782
55.825493	85.686981
55.979885	85.796822
56.134182	85.906311
56.2878	86.01545
56.440582	86.124237
56.592663	86.232666
56.744537	86.340721
56.898621	86.448433
57.052536	86.555779
57.205971	86.662766
57.358162	86.769394
57.510818	86.875656
57.662697	86.981552
57.814842	87.08709
57.968044	87.192261
58.122765	87.29705
58.278206	87.401489
58.432167	87.505554
58.584538	87.609253
58.735878	87.71257
58.885536	87.815514
59.036114	87.918091
59.184532	88.020302
59.33448	88.122131
59.484989	88.223579
59.635567	88.324646
59.787987	88.425346
59.940643	88.525665
60.093273	88.625595
60.245239	88.725159
60.396469	88.824318
60.547787	88.923111
60.697708	89.021523
60.848091	89.119545
60.997231	89.217171
61.146057	89.314423
61.294388	89.411285
61.443916	89.507744
61.591492	89.603828
61.739037	89.699524
61.887039	89.794815
62.03466	89.889717
62.184029	89.98423
62.333229	90.078354
62.483147	90.172073
62.634323	90.265396
62.783577	90.358315
62.931503	90.450844
63.079231	90.542984
63.227287	90.634712
63.374557	90.726036
63.521317	90.816963
63.666969	90.907494
63.812309	90.997604
63.958244	91.087326
64.103279	91.176628
64.247726	91.265533
64.393234	91.354027
64.538971	91.442123
64.686035	91.529793
64.831924	91.617058
64.977859	91.703918
65.125038	91.790367
65.2715	91.876404
65.417526	91.962021
65.561417	92.047226
65.703888	92.132019
65.84565	92.2164
65.986488	92.300354
66.128586	92.383896
66.270943	92.467026
66.413696	92.549721
66.557373	92.632004
66.700737	92.713875
66.843826	92.795311
66.985809	92.876335
67.128883	92.956932
67.271881	93.037102
67.414627	93.116852
67.557167	93.196167
67.699402	93.27507
67.840874	93.353531
67.981979	93.43158
68.123016	93.509193
68.263702	93.586365
68.403931	93.663116
68.544014	93.739441
68.681831	93.815338
68.821114	93.8908
68.960434	93.96582
69.098373	94.040405
69.235985	94.114563
69.373154	94.188286
69.512115	94.261566
69.64978	94.334412
69.786942	94.406822
69.923058	94.478798
70.058922	94.550331
70.196854	94.621422
70.333488	94.69207
70.471565	94.762283
70.608337	94.832054
70.743622	94.901382
70.878647	94.970261
71.015388	95.038696
71.151764	95.106697
71.28791	95.174248
71.423332	95.241356
71.557755	95.308006
71.691231	95.374222
71.823189	95.43998
71.955803	95.505295
72.088387	95.570168
72.221481	95.634583
72.352638	95.698547
72.48336	95.762062
72.614464	95.825127
72.745079	95.887733
72.875664	95.94989
73.005386	96.011589
73.134918	96.072838
73.263687	96.133636
73.391876	96.193985
73.520149	96.25386
73.64888	96.313286
73.778603	96.372261
73.908318	96.430771
74.038368	96.488831
74.168686	96.546425
74.299538	96.603554
74.430038	96.660233
74.560303	96.716454
74.689896	96.772209
74.818016	96.827492
74.94606	96.882324
75.072983	96.936691
75.201416	96.990601
75.328331	97.044037
75.455101	97.097015
75.581459	97.149529
75.707207	97.201576
75.832397	97.253159
75.955788	97.304268
76.079659	97.354912
76.203918	97.40509
76.328117	97.454811
76.452545	97.504059
76.577477	97.552826
76.700272	97.601135
76.821243	97.648964
76.942276	97.696335
77.061806	97.743233
77.179161	97.78965
77.29715	97.835602
77.417427	97.881081
77.537117	97.926094
77.656754	97.970627
77.775406	98.014687
77.89547	98.058273
78.016968	98.101387
78.138123	98.144028
78.256516	98.18618
78.373962	98.227867
78.491486	98.269081
78.60997	98.309814
78.728485	98.350075
78.844475	98.389854
78.959969	98.429153
79.07505	98.467979
79.189201	98.506332
79.303581	98.544205
79.417641	98.581589
79.531654	98.618492
79.644386	98.654922
79.756866	98.69088
79.869057	98.726341
79.981979	98.76133
80.095436	98.795837
80.207603	98.829865
80.319824	98.863411
80.430656	98.896469
80.542542	98.929047
80.654564	98.961136
80.767227	98.992752
80.879311	99.023888
80.99025	99.054527
81.100266	99.084686
81.210976	99.114365
81.321411	99.143555
81.43026	99.172264
81.538902	99.200478
81.646606	99.228218
81.75528	99.255463
81.862396	99.282227
81.9673	99.30851
82.072601	99.334297
82.180069	99.359604
82.287842	99.384415
82.395477	99.408745
82.502319	99.432587
82.609123	99.45594
82.715401	99.478806
82.821793	99.501183
82.927238	99.523071
83.031189	99.544472
83.134621	99.565384
83.238358	99.5858
83.340065	99.605736
83.442017	99.625175
83.544724	99.644127
83.646362	99.66259
83.74826	99.680565
83.849831	99.698051
83.948418	99.715042
84.046761	99.731537
84.144646	99.747551
84.242821	99.763069
84.341148	99.778099
84.438972	99.792633
84.536682	99.806679
84.63459	99.820236
84.734215	99.833298
84.832649	99.845871
84.930794	99.857941
85.027451	99.869537
85.122986	99.880623
85.218819	99.891228
85.316277	99.901337
85.413361	99.91095
85.509285	99.920074
85.60408	99.928711
85.698082	99.936852
85.792259	99.944496
85.887505	99.951645
85.9814	99.958305
86.073677	99.964478
86.163727	99.970154
86.253517	99.975327
86.344498	99.980019
86.435211	99.984207
86.525742	99.987915
86.615837	99.991119
86.705879	99.993835
86.795067	99.996056
86.882591	99.99778
86.969482	99.999008
87.055931	99.999748
87.142075	100
87.227898	99.999756
87.312828	99.999016
87.396576	99.99778
87.47998	99.996056
87.563713	99.993828
87.64888	99.991119
87.73362	99.987915
87.818489	99.984207
87.903214	99.980019
87.988152	99.975327
88.07254	99.970154
88.156227	99.964478
88.238556	99.958305
88.319344	99.951645
88.399971	99.944496
88.480637	99.936852
88.562233	99.928711
88.643112	99.920082
88.721794	99.91095
88.800613	99.901337
88.878685	99.89122
88.955765	99.880623
89.033669	99.86953
89.11264	99.857941
89.190773	99.845863
89.268723	99.833298
89.345535	99.820236
89.422958	99.806679
89.499191	99.792633
89.573334	99.778091
89.648132	99.763069
89.722664	99.747551
89.79599	99.731537
89.867859	99.715042
89.940086	99.698044
90.012802	99.680565
90.084442	99.66259
90.155449	99.644127
90.226196	99.625175
90.296875	99.605736
90.366837	99.585808
90.438248	99.565384
90.509209	99.544472
90.578957	99.523071
90.648178	99.501183
90.717377	99.478806
90.785072	99.45594
90.853409	99.432587
90.920921	99.408745
90.986458	99.384415
91.051758	99.359604
91.116356	99.334297
91.180244	99.308502
91.245186	99.282227
91.309944	99.255463
91.375122	99.228218
91.43895	99.200478
91.502037	99.172264
91.563843	99.143555
91.624344	99.114357
91.684181	99.084686
91.744514	99.054527
91.804901	99.02388
91.867798	98.992752
91.929832	98.961136
91.99012	98.929047
92.049828	98.896469
92.109169	98.863411
92.167862	98.829865
92.224251	98.795837
92.278534	98.76133
92.332939	98.726341
92.387726	98.690872
92.443207	98.654922
92.498695	98.618492
92.555092	98.581589
92.611084	98.544197
92.667183	98.506332
92.72319	98.467979
92.778336	98.429153
92.832718	98.389854
92.886635	98.350075
92.93985	98.309814
92.994263	98.269081
93.046303	98.227867
93.099861	98.18618
93.151489	98.144028
93.202408	98.101387
93.250923	98.058273
93.298157	98.014687
93.346016	97.970619
93.393921	97.926094
93.440269	97.881081
93.488029	97.835602
93.535973	97.78965
93.583267	97.743225
93.629761	97.696335
93.67749	97.648964
93.72403	97.601128
93.770645	97.552826
93.817162	97.504059
93.862701	97.454811
93.908539	97.40509
93.953575	97.354912
93.997063	97.304276
94.039894	97.253159
94.083214	97.201576
94.126289	97.149529
94.166237	97.097015
94.20713	97.044037
94.248413	96.990601
94.290207	96.936691
94.332108	96.882317
94.373123	96.827492
94.41304	96.772209
94.45089	96.716446
94.489532	96.660233
94.529083	96.603554
94.569717	96.546417
94.610214	96.488823
94.648277	96.430763
94.683441	96.372261
94.720787	96.313286
94.759109	96.25386
94.795204	96.193985
94.831039	96.133636
94.864906	96.072838
94.897797	96.011589
94.930656	95.94989
94.963303	95.887733
94.996758	95.825127
95.02877	95.762054
95.061829	95.69854
95.096138	95.634583
95.130882	95.570168
95.165352	95.505295
95.197601	95.43998
95.229416	95.374214
95.259979	95.308014
95.288773	95.241356
95.317459	95.174248
95.345528	95.106697
95.373894	95.038696
95.399826	94.970261
95.425346	94.901375
95.450607	94.832054
95.477104	94.762276
95.502235	94.69207
95.526855	94.621422
95.551125	94.550323
95.575043	94.47879
95.597115	94.406822
95.617661	94.334412
95.637924	94.261566
95.658394	94.188286
95.680557	94.114563
95.702644	94.040405
95.723419	93.965813
95.743484	93.890793
95.764214	93.815331
95.785065	93.739441
95.804817	93.663116
95.823303	93.586372
95.841148	93.509186
95.858406	93.431572
95.876694	93.353531
95.895027	93.275063
95.91433	93.196175
95.933777	93.116852
95.952042	93.037102
95.970039	92.956924
95.986282	92.876328
96.002983	92.795311
96.018501	92.713867
96.032265	92.632004
96.044952	92.549721
96.057495	92.467018
96.070641	92.383896
96.083496	92.300354
96.094673	92.2164
96.106865	92.132019
96.118568	92.047226
96.12986	91.962029
96.141441	91.876396
96.152237	91.790367
96.162064	91.703918
96.171501	91.617058
96.182259	91.5298
96.193054	91.442116
96.202095	91.354027
96.209877	91.265526
96.216316	91.17662
96.222176	91.087318
96.229179	90.997604
96.236107	90.907486
96.240921	90.816963
96.245255	90.726028
96.250488	90.634712
96.254204	90.542976
96.259239	90.450844
96.26416	90.358315
96.268105	90.265396
96.272766	90.172073
96.275864	90.078346
96.278519	89.984222
96.28006	89.889717
96.279808	89.794815
96.279541	89.699516
96.279221	89.603828
96.278511	89.507744
96.278854	89.411278
96.278603	89.314423
96.278122	89.217171
96.278191	89.119545
96.277412	89.021515
96.276466	88.923111
96.273689	88.824326
96.270317	88.725151
96.265518	88.625595
96.26088	88.525658
96.25518	88.425339
96.249298	88.324654
96.243637	88.223579
96.237656	88.122124
96.231644	88.020294
96.22583	87.918091
96.21875	87.815521
96.211014	87.71257
96.204422	87.609245
96.197914	87.505547
96.192223	87.401489
96.185333	87.297058
96.176407	87.192253
96.166779	87.087082
96.157196	86.981544
96.147476	86.875656
96.137444	86.769394
96.126968	86.662766
96.116524	86.555779
96.107658	86.448425
96.098961	86.340729
96.088799	86.232658
96.077888	86.124229
96.068489	86.01545
96.058067	85.906311
96.046989	85.796829
96.034233	85.686981
96.020203	85.576782
96.0065	85.466232
95.992851	85.355331
95.978973	85.244095
95.965736	85.1325
95.951729	85.020554
95.93808	84.908272
95.924049	84.795639
95.909691	84.682671
95.893982	84.569344
95.877861	84.455688
95.85965	84.34169
95.843048	84.227348
95.826645	84.112679
95.809998	83.997665
95.793297	83.882317
95.775841	83.76664
95.758308	83.65062
95.740685	83.534279
95.722939	83.417603
95.704987	83.300591
95.688507	83.18325
95.672226	83.06559
95.653702	82.947601
95.634048	82.829285
95.613953	82.710648
95.5951	82.59169
95.576385	82.472397
95.556656	82.352798
95.534172	82.232864
95.510834	82.112625
95.487114	81.992081
95.463356	81.871193
95.439293	81.750015
95.416237	81.628502
95.391747	81.506691
95.367271	81.384575
95.344055	81.262123
95.32016	81.139389
95.294655	81.016327
95.268776	80.892982
95.242088	80.769325
95.217064	80.645348
95.191185	80.52108
95.163788	80.3965
95.138214	80.271637
95.112144	80.146477
95.086807	80.020996
95.06134	79.895248
95.035881	79.76918
95.008827	79.64283
94.981277	79.516197
94.954445	79.389252
94.927437	79.262039
94.899765	79.134529
94.870232	79.006721
94.839851	78.878639
94.807213	78.750252
94.77594	78.621605
94.744675	78.492676
94.71405	78.363441
94.683258	78.233948
94.6511	78.104164
94.617867	77.974113
94.585785	77.843788
94.554344	77.713165
94.522743	77.582298
94.490723	77.451134
94.455544	77.319717
94.41877	77.188026
94.381927	77.056053
94.34581	76.923836
94.309853	76.791328
94.27565	76.658585
94.240463	76.525566
94.20462	76.392273
94.167931	76.258728
94.131134	76.124916
94.093796	75.990868
94.055122	75.856552
94.015625	75.72197
93.976662	75.587151
93.938248	75.452057
93.900055	75.316742
93.862396	75.18116
93.824463	75.045326
93.784782	74.909256
93.743561	74.772926
93.700905	74.636368
93.658371	74.499557
93.615952	74.362495
93.576286	74.22522
93.535461	74.087677
93.493225	73.949905
93.45089	73.811913
93.409019	73.673668
93.36557	73.535194
93.32122	73.396477
93.276588	73.257553
93.23101	73.118385
93.184937	72.978989
93.139801	72.839371
93.094681	72.699509
93.04911	72.559448
93.003853	72.419167
92.958664	72.278633
92.91433	72.137909
92.868683	71.996948
92.822487	71.855782
92.775391	71.714409
92.728889	71.572792
92.680237	71.430984
92.629822	71.288948
92.57962	71.146729
92.530502	71.004288
92.481903	70.861626
92.432899	70.718781
92.38324	70.575699
92.332726	70.432449
92.282394	70.288994
92.23114	70.145309
92.178932	70.001457
92.126518	69.857384
92.073738	69.713127
92.020416	69.568687
91.966728	69.424026
91.912102	69.279198
91.856384	69.134155
91.800629	68.988953
91.74501	68.843552
91.690575	68.697952
91.63504	68.552185
91.579849	68.406235
91.523491	68.260086
91.468575	68.11377
91.415138	67.967262
91.359955	67.820587
91.302048	67.673752
91.242661	67.526711
91.182785	67.379524
91.12146	67.232132
91.061333	67.084602
91.000931	66.936905
90.941788	66.789017
90.882866	66.640976
90.823418	66.49276
90.762985	66.344398
90.70192	66.195877
90.63961	66.047173
90.577965	65.898338
90.515732	65.749313
90.45266	65.600166
90.389603	65.450859
90.326378	65.301376
90.262489	65.151764
90.198517	65.001984
90.133972	64.852074
90.068077	64.702019
90.003059	64.551804
89.938385	64.401459
89.872818	64.250954
89.806038	64.100327
89.739021	63.949562
89.672676	63.798637
89.605927	63.647598
89.538239	63.496399
89.470253	63.3451
89.402473	63.193657
89.33374	63.042068
89.265701	62.890369
89.197258	62.738525
89.127441	62.586571
89.057487	62.434502
88.987953	62.282284
88.919456	62.129963
88.850975	61.977501
88.78093	61.824947
88.709351	61.672272
88.636879	61.519463
88.562477	61.366558
88.485687	61.213524
88.409081	61.060398
88.334938	60.907166
88.261391	60.753803
88.187424	60.600353
88.113998	60.446781
88.038803	60.293125
87.961372	60.13937
87.884262	59.985489
87.806557	59.831535
87.727722	59.67746
87.648476	59.523308
87.568932	59.369068
87.489464	59.21471
87.410057	59.060287
87.330032	58.90575
87.250137	58.751148
87.170746	58.596455
87.091751	58.441662
87.013016	58.286804
86.93322	58.131844
86.852272	57.976826
86.769699	57.821728
86.686157	57.666527
86.603088	57.511276
86.521622	57.355927
86.438416	57.200535
86.356293	57.045067
86.271317	56.889503
86.187485	56.733894
86.102623	56.578224
86.016396	56.422466
85.930893	56.266666
85.844826	56.110775
85.759705	55.954857
85.675751	55.798878
85.590981	55.642815
85.504967	55.486713
85.417336	55.330544
85.329277	55.174343
85.239182	55.018089
85.150955	54.861767
85.062523	54.705418
84.973755	54.548996
84.883156	54.392559
84.792213	54.236073
84.700668	54.079521
84.608994	53.922958
84.517311	53.766327
84.424072	53.609688
84.33429	53.453003
84.244751	53.296272
84.152069	53.139526
84.059135	52.982731
83.965157	52.82592
83.871758	52.66909
83.776245	52.512203
83.680664	52.355324
83.586052	52.198391
83.489311	52.041466
83.391739	51.884514
83.294868	51.72752
83.198044	51.570541
83.100166	51.413513
83.00177	51.2565
82.903069	51.099472
82.804771	50.942413
82.706055	50.78537
82.609329	50.628288
82.511292	50.47123
82.41188	50.314163
82.310066	50.15707
82.207672	50
82.104294	49.842907
82.000938	49.685841
81.897484	49.52877
81.794655	49.371689
81.693039	49.214634
81.590103	49.057564
81.486885	48.900528
81.382339	48.7435
81.276199	48.58646
81.169914	48.429462
81.064674	48.272453
80.959129	48.115486
80.852844	47.958534
80.745422	47.801582
80.637779	47.644676
80.529839	47.48777
80.422165	47.33091
80.314056	47.17408
80.206787	47.01725
80.098412	46.860474
79.988762	46.703705
79.878731	46.546993
79.769463	46.390316
79.659958	46.233646
79.548706	46.077042
79.434883	45.920452
79.320328	45.763927
79.207779	45.607441
79.095604	45.450981
78.982956	45.294582
78.870178	45.13821
78.757607	44.981911
78.646118	44.825657
78.534386	44.66943
78.423012	44.513283
78.311066	44.357185
78.198334	44.201126
78.083588	44.045143
77.967216	43.889198
77.849182	43.733334
77.730865	43.577534
77.612007	43.421776
77.49295	43.266102
77.373207	43.110474
77.254005	42.954937
77.135094	42.799465
77.016701	42.644047
76.899155	42.488724
76.781761	42.333447
76.663811	42.178272
76.544434	42.023174
76.426384	41.868134
76.307198	41.713196
76.187225	41.558311
76.066315	41.403542
75.944023	41.248852
75.821594	41.094227
75.697998	40.939713
75.573006	40.785263
75.447441	40.630932
75.32309	40.476688
75.2005	40.322517
75.078545	40.168465
74.955093	40.014488
74.832146	39.86063
74.709274	39.706875
74.584618	39.553196
74.459641	39.399643
74.336243	39.246174
74.212502	39.092834
74.087715	38.939602
73.96167	38.786453
73.834541	38.633438
73.707718	38.480515
73.580925	38.327728
73.453339	38.175056
73.323799	38.022476
73.193153	37.870037
73.062851	37.717697
72.933533	37.565498
72.803253	37.413425
72.673622	37.261452
72.544151	37.109631
72.413261	36.957912
72.281754	36.806343
72.150642	36.654903
72.018501	36.503578
71.886314	36.352402
71.753433	36.20134
71.619568	36.050438
71.485878	35.899673
71.351112	35.749027
71.216835	35.598541
71.081535	35.448177
70.946617	35.297977
70.813019	35.147923
70.680511	34.997993
70.547783	34.848236
70.41407	34.698601
70.27845	34.549145
70.142387	34.399837
70.004845	34.250664
69.867714	34.101665
69.729935	33.952801
69.590981	33.804123
69.452812	33.655602
69.315033	33.507217
69.176704	33.35902
69.037315	33.210964
68.897697	33.063095
68.759552	32.915394
68.620644	32.767845
68.48008	32.62048
68.340752	32.473267
68.201477	32.326252
68.061745	32.179409
67.921951	32.032719
67.780739	31.886229
67.638145	31.739918
67.494217	31.593763
67.350044	31.447815
67.207634	31.302029
67.065598	31.156445
66.925323	31.011051
66.785736	30.865822
66.645264	30.7208
66.502045	30.575949
66.359734	30.431313
66.21637	30.286869
66.072723	30.142599
65.928802	29.998545
65.785713	29.854668
65.642128	29.711008
65.497742	29.567551
65.35157	29.424274
65.207024	29.281223
65.061386	29.138351
64.914108	28.99571
64.765717	28.853273
64.617371	28.711027
64.470169	28.569014
64.320892	28.427183
64.17218	28.285593
64.024437	28.144217
63.877693	28.003031
63.729973	27.862089
63.581306	27.72134
63.432182	27.580833
63.281693	27.440548
63.1334	27.300465
62.985161	27.160627
62.836761	27.020994
62.686218	26.881609
62.537025	26.742449
62.387253	26.603502
62.237328	26.464802
62.087265	26.326317
61.936516	26.188084
61.786362	26.050087
61.634727	25.912308
61.484306	25.774782
61.333252	25.63748
61.18261	25.500437
61.031357	25.363636
60.879845	25.227058
60.727467	25.090742
60.574284	24.954657
60.42004	24.818834
60.265659	24.683262
60.112305	24.54792
59.959167	24.412849
59.805481	24.278009
59.652534	24.143446
59.499783	24.009136
59.344887	23.875061
59.190121	23.741266
59.034527	23.60771
58.878357	23.474434
58.722019	23.341421
58.565319	23.208651
58.408157	23.076164
58.250648	22.943922
58.093216	22.81197
57.937523	22.680286
57.781738	22.548849
57.625355	22.417704
57.46719	22.286812
57.309944	22.156212
57.156021	22.025888
57.001495	21.895821
56.845291	21.766048
56.689392	21.636539
56.53334	21.507326
56.376648	21.378395
56.221581	21.249727
56.066292	21.121363
55.910034	20.993284
55.754448	20.865471
55.597198	20.737965
55.439548	20.610725
55.282875	20.483801
55.126427	20.357164
54.968658	20.230801
54.809654	20.104752
54.651939	19.978977
54.495422	19.853519
54.337456	19.728359
54.178177	19.603479
54.017536	19.478916
53.856247	19.354635
53.696796	19.230679
53.536865	19.107023
53.378159	18.983656
53.219414	18.860611
53.061501	18.737856
52.902229	18.615427
52.743076	18.493309
52.58379	18.371483
52.424194	18.249989
52.266594	18.128788
52.107712	18.007923
51.949623	17.887371
51.792938	17.76712
51.635178	17.647202
51.476601	17.527586
51.317463	17.408308
51.158512	17.289356
50.998539	17.170704
50.838539	17.052397
50.67786	16.934395
50.51638	16.816738
50.354862	16.699409
50.193871	16.58239
50.034592	16.465721
49.875076	16.349363
49.715199	16.233355
49.555534	16.11768
49.39756	16.002325
49.239513	15.88732
49.079475	15.772635
48.918522	15.658304
48.758263	15.544313
48.597885	15.430644
48.437965	15.317333
48.275253	15.20435
48.112656	15.091723
47.952431	14.979446
47.792507	14.867494
47.634094	14.755905
47.474693	14.64465
47.313602	14.533758
47.152412	14.423219
46.992783	14.313012
46.832397	14.203173
46.671761	14.093674
46.510796	13.984543
46.350632	13.875771
46.190273	13.767335
46.029705	13.659275
45.8685	13.551558
45.708092	13.444215
45.548256	13.337234
45.390038	13.230598
45.231846	13.124341
45.072052	13.018435
44.911434	12.912905
44.750381	12.807745
44.589363	12.702933
44.428719	12.598509
44.268116	12.494436
44.109188	12.390748
43.95076	12.287432
43.792892	12.184471
43.634247	12.081903
43.475128	11.979705
43.317654	11.877871
43.161247	11.776423
43.003471	11.67534
42.844818	11.574653
42.68401	11.474341
42.524193	11.374396
42.364433	11.274847
42.205662	11.175665
42.046757	11.076882
41.887264	10.978484
41.727551	10.880455
41.568348	10.782825
41.409637	10.685569
41.25132	10.588717
41.092537	10.492253
40.933231	10.396165
40.773674	10.300482
40.613487	10.205173
40.454002	10.110277
40.295197	10.015771
40.135704	9.921646
39.977421	9.827929
39.818054	9.734598
39.659077	9.641677
39.499916	9.549152
39.341854	9.457016
39.182823	9.365291
39.025566	9.273955
38.869335	9.183034
38.713531	9.092516
38.55901	9.002388
38.401749	8.91268
38.245438	8.823362
38.090206	8.734465
37.934952	8.645972
37.777031	8.55788
37.620224	8.470204
37.464104	8.382929
37.307575	8.296076
37.151348	8.209634
36.993916	8.123591
36.836674	8.037975
36.67981	7.952762
36.522316	7.867977
36.365826	7.783604
36.208118	7.699638
36.051605	7.616103
35.897003	7.532972
35.74379	7.450274
35.592194	7.367992
35.441109	7.286122
35.288261	7.204685
35.135563	7.123658
34.981537	7.043067
34.826828	6.962901
34.671772	6.883144
34.517796	6.803828
34.364231	6.724924
34.211765	6.646461
34.060318	6.568426
33.908718	6.490806
33.756203	6.413627
33.602345	6.336868
33.449936	6.26055
33.295345	6.184668
33.141663	6.109202
32.988438	6.034184
32.83535	5.959585
32.682899	5.885434
32.531017	5.811718
32.379166	5.738428
32.227882	5.665586
32.076435	5.593169
31.924053	5.521202
31.770876	5.449674
31.619257	5.378574
31.468021	5.307925
31.315397	5.23772
31.164978	5.167943
31.013783	5.098623
30.862656	5.029732
30.714071	4.961294
30.565775	4.893303
30.418194	4.825747
30.270683	4.758647
30.123652	4.691982
29.976305	4.625776
29.828459	4.560018
29.681269	4.494697
29.535738	4.429835
29.390888	4.365415
29.243776	4.301453
29.096209	4.237944
28.947454	4.174876
28.798489	4.112267
28.651608	4.050106
28.505816	3.988406
28.359938	3.927159
28.21335	3.866357
28.06757	3.806022
27.921381	3.746134
27.776091	3.686708
27.63129	3.627741
27.487261	3.569227
27.344004	3.511176
27.200424	3.453577
27.05719	3.39644
26.914705	3.33977
26.771784	3.283548
26.628098	3.227797
26.485598	3.172499
26.342289	3.117675
26.200462	3.063309
26.060011	3.009397
25.919786	2.955961
25.77902	2.902979
25.638329	2.850473
25.49581	2.798426
25.353142	2.746844
25.210896	2.69573
25.06885	2.645078
24.927109	2.5949
24.787428	2.545193
24.64819	2.495944
24.508797	2.447176
24.370642	2.398863
24.232433	2.351031
24.096083	2.303666
23.959196	2.256769
23.821884	2.210349
23.682629	2.164394
23.545189	2.118915
23.409853	2.073911
23.27726	2.029371
23.143875	1.985314
23.010485	1.941723
22.876772	1.898617
22.743778	1.855975
22.609455	1.813811
22.473745	1.77213
22.338783	1.730913
22.204243	1.690182
22.069454	1.649925
21.935257	1.610142
21.801769	1.570839
21.668297	1.532012
21.537081	1.493669
21.407331	1.455802
21.277519	1.418412
21.148729	1.381505
21.021549	1.345068
20.895369	1.309121
20.768442	1.273656
20.64164	1.238662
20.516624	1.20416
20.390949	1.170138
20.265835	1.136589
20.139631	1.103532
20.013666	1.070952
19.886124	1.038858
19.759109	1.007247
19.633062	0.976115
19.507364	0.945473
19.382515	0.91531
19.258739	0.885636
19.13678	0.856447
19.015163	0.827736
18.893188	0.799519
18.771797	0.771779
18.649933	0.744534
18.528685	0.717771
18.406986	0.691491
18.285648	0.6657
18.164875	0.640398
18.044222	0.615579
17.924667	0.591254
17.805384	0.567409
17.687346	0.544059
17.569698	0.521189
17.452602	0.498813
17.336346	0.47693
17.221073	0.455528
17.104624	0.434619
16.989594	0.414193
16.874523	0.394267
16.75828	0.374824
16.643333	0.35587
16.530682	0.337407
16.418772	0.319433
16.306894	0.301951
16.194912	0.284961
16.081261	0.268456
15.968168	0.25245
15.855297	0.236928
15.743482	0.221902
15.630514	0.207365
15.518704	0.193322
15.409099	0.179768
15.299401	0.166702
15.189645	0.154132
15.078897	0.142056
14.969763	0.130466
14.862082	0.119376
14.754591	0.108773
14.648397	0.098664
14.543598	0.089046
14.438727	0.079921
14.334628	0.07129
14.230699	0.063151
14.125445	0.055507
14.020593	0.048354
13.915032	0.04169
13.809492	0.035527
13.703722	0.029853
13.599211	0.024673
13.495384	0.019982
13.393995	0.015789
13.293518	0.012091
13.192907	0.008881
13.091218	0.006166
12.98871	0.003949
12.88641	0.00222
12.786094	0.000986
12.686052	0.000244
