[Graph\ Configuration]
Version=1
NrCurves=3
FFTNrCurves=0
Title=
XAxisLabel=Time / s
YAxisLabel=Current Position of axis1
Y2AxisLabel=Current Position of axis3
SameScaleXY=0
XAxisLinear=1
YAxisLinear=1
FFT=0
[Graph\ Configuration/Curve1]
CustomName=Current Position of axis1
XSliceArray=Current Position of axis1
XSliceName=Time
YSliceArray=Current Position of axis1
YSliceName=Current Position of axis1
[Graph\ Configuration/Curve1/style]
ColorRed=33
ColorGreen=67
ColorBlue=163
SolidPoint=1
LineType=100
PointSymbol=0
Width=2
Shown=1
Identify=1
Y2Axis=0
[Graph\ Configuration/Curve2]
CustomName=Target Position of axis1
XSliceArray=Current Position of axis1
XSliceName=Time
YSliceArray=Current Position of axis1
YSliceName=Target Position of axis1
[Graph\ Configuration/Curve2/style]
ColorRed=255
ColorGreen=154
ColorBlue=79
SolidPoint=1
LineType=100
PointSymbol=0
Width=2
Shown=1
Identify=1
Y2Axis=0
[Graph\ Configuration/Curve3]
CustomName=Current Position of axis3
XSliceArray=Current Position of axis1
XSliceName=Time
YSliceArray=Current Position of axis1
YSliceName=Current Position of axis3
[Graph\ Configuration/Curve3/style]
ColorRed=226
ColorGreen=0
ColorBlue=121
SolidPoint=1
LineType=100
PointSymbol=0
Width=2
Shown=1
Identify=1
Y2Axis=1
[GCS_ARRAY Current Position of axis1]
# VERSION = 1
# TYPE = 1
# SEPARATOR = 9
# DIM = 3
# SAMPLE_TIME = 5e-005
# NDATA = 3000
#
# NAME0 = Current Position of axis1
# NAME1 = Target Position of axis1
# NAME2 = Current Position of axis3
#
# END_HEADER
0.000193	10	50.000839
0.000887	10.05	49.998863
0.003027	10.1	49.998505
0.005676	10.15	49.998329
0.007071	10.2	49.99646
0.007227	10.25	49.994904
0.008831	10.3	49.993828
0.009874	10.35	49.993385
0.012024	10.4	49.993614
0.012911	10.45	49.992783
0.01174	10.5	49.99192
0.009979	10.55	49.992004
0.008324	10.6	49.991547
0.006668	10.65	49.99147
0.006842	10.7	49.99292
0.006603	10.75	49.994469
0.007313	10.8	49.996964
0.007296	10.85	49.9981
0.007053	10.9	49.9972
0.00642	10.95	49.996391
0.004721	11	49.995186
0.004211	11.05	49.997017
0.00563	11.1	49.999435
0.006357	11.15	50.000656
0.006626	11.2	50.001007
0.006721	11.25	50.000183
0.007126	11.3	49.999413
0.009504	11.35	49.997719
0.012321	11.4	49.995659
0.014608	11.45	49.994347
0.018568	11.5	49.991982
0.021601	11.55	49.989799
0.022419	11.6	49.987152
0.022255	11.65	49.985573
0.023975	11.7	49.983154
0.026285	11.75	49.981941
0.029514	11.8	49.981903
0.032587	11.85	49.982811
0.035738	11.9	49.984024
0.039877	11.95	49.985931
0.04468	12	49.988029
0.048458	12.05	49.988701
0.05196	12.1	49.988266
0.054279	12.15	49.987816
0.057526	12.2	49.988945
0.059818	12.25	49.988861
0.061661	12.3	49.989662
0.06361	12.35	49.98951
0.066029	12.4	49.989296
0.067522	12.45	49.988434
0.071384	12.5	49.988144
0.077715	12.55	49.987053
0.080849	12.6	49.986824
0.083811	12.65	49.987106
0.085865	12.7	49.986534
0.088924	12.75	49.98632
0.09129	12.8	49.986282
0.094009	12.85	49.987038
0.098589	12.9	49.987595
0.104439	12.95	49.988571
0.109791	13	49.989975
0.113417	13.05	49.990196
0.119234	13.1	49.989204
0.124596	13.15	49.987694
0.130033	13.2	49.986694
0.135351	13.25	49.987679
0.143389	13.3	49.990608
0.150202	13.35	49.993065
0.155514	13.4	49.993416
0.159674	13.45	49.993866
0.165007	13.5	49.994156
0.170971	13.55	49.995598
0.177742	13.6	49.997627
0.183004	13.65	49.998138
0.188631	13.7	49.99881
0.195099	13.75	49.999138
0.202562	13.8	49.998314
0.211174	13.85	49.998375
0.219645	13.9	49.9981
0.22789	13.95	49.998795
0.237326	14	50.000168
0.248138	14.05	50.001198
0.258804	14.1	50.001251
0.269369	14.15	50.002419
0.279427	14.200001	50.004608
0.289572	14.25	50.006012
0.30036	14.3	50.006279
0.310352	14.35	50.005302
0.320696	14.4	50.005226
0.330393	14.450001	50.004883
0.34214	14.5	50.003441
0.354517	14.55	50.002678
0.367159	14.6	50.00386
0.37878	14.65	50.004089
0.389103	14.700001	50.004417
0.398741	14.75	50.003906
0.409721	14.8	50.003647
0.421591	14.85	50.002441
0.434584	14.9	50.001244
0.448082	14.950001	50.000023
0.462292	15	49.998985
0.476301	15.05	49.998032
0.492029	15.1	49.997429
0.508093	15.15	49.996887
0.524864	15.200001	49.998444
0.542467	15.25	50.001144
0.55957	15.3	50.004593
0.576973	15.35	50.00708
0.593735	15.4	50.00782
0.610548	15.450001	50.006454
0.628595	15.5	50.005592
0.64673	15.55	50.005241
0.665079	15.6	50.004929
0.683283	15.65	50.006172
0.699644	15.700001	50.007271
0.716125	15.75	50.006821
0.733557	15.8	50.007256
0.750223	15.85	50.007462
0.768358	15.9	50.006355
0.787193	15.950001	50.004471
0.806389	16	50.001678
0.825663	16.049999	50.001801
0.844839	16.1	50.002869
0.864319	16.15	50.004501
0.885872	16.200001	50.008034
0.906609	16.25	50.010155
0.928078	16.299999	50.011765
0.949747	16.35	50.01162
0.97064	16.4	50.010712
0.991747	16.450001	50.008759
1.01244	16.5	50.006798
1.035044	16.549999	50.003593
1.060535	16.6	50.000473
1.08642	16.65	49.999046
1.111116	16.700001	49.999847
1.135897	16.75	50.000237
1.161776	16.799999	50.001396
1.187229	16.85	50.003403
1.21236	16.9	50.004646
1.239155	16.950001	50.005905
1.266474	17	50.005829
1.292379	17.049999	50.005127
1.317686	17.1	50.003799
1.344753	17.15	50.003677
1.373585	17.200001	50.004501
1.402281	17.25	50.004128
1.430929	17.299999	50.001518
1.459156	17.35	50.000061
1.488052	17.4	49.998199
1.517101	17.450001	49.995979
1.544748	17.5	49.994789
1.572992	17.549999	49.994431
1.600714	17.6	49.991531
1.629002	17.65	49.988403
1.658529	17.700001	49.987541
1.688122	17.75	49.988235
1.718561	17.799999	49.988419
1.749914	17.85	49.988419
1.781265	17.9	49.988991
1.812647	17.950001	49.990646
1.844933	18	49.992882
1.877512	18.049999	49.993263
1.910461	18.1	49.994087
1.944265	18.150002	49.991882
1.978487	18.200001	49.991318
2.013887	18.25	49.991379
2.048178	18.299999	49.990738
2.080473	18.35	49.992249
2.114117	18.400002	49.993042
2.14954	18.450001	49.992577
2.187241	18.5	49.994064
2.225117	18.549999	49.996513
2.261478	18.6	49.998009
2.298353	18.650002	49.997574
2.335199	18.700001	49.997482
2.371157	18.75	49.997002
2.405945	18.799999	49.996361
2.441319	18.85	49.994568
2.476917	18.900002	49.992638
2.513561	18.950001	49.992218
2.550243	19	49.992584
2.586956	19.049999	49.992035
2.623667	19.1	49.990593
2.66128	19.150002	49.989792
2.701059	19.200001	49.99073
2.742163	19.25	49.991638
2.783655	19.299999	49.992165
2.828465	19.35	49.991318
2.872158	19.400002	49.990479
2.916176	19.450001	49.991753
2.957541	19.5	49.992622
2.997578	19.549999	49.99321
3.036846	19.6	49.99395
3.076471	19.650002	49.993629
3.117907	19.700001	49.992241
3.159485	19.75	49.990456
3.200129	19.799999	49.988976
3.242628	19.85	49.986977
3.286863	19.900002	49.985329
3.3321	19.950001	49.983246
3.377638	20	49.982819
3.423222	20.049999	49.984444
3.467915	20.1	49.986359
3.512171	20.150002	49.989456
3.557003	20.200001	49.992928
3.601948	20.25	49.99688
3.647028	20.299999	50.001205
3.692184	20.35	50.004631
3.738188	20.400002	50.006912
3.784573	20.450001	50.006622
3.828957	20.5	50.00457
3.873796	20.549999	50.002495
3.919653	20.6	50.001686
3.964989	20.650002	50.001953
4.012056	20.700001	50.003571
4.060562	20.75	50.004585
4.110252	20.799999	50.005966
4.159523	20.85	50.006966
4.209543	20.900002	50.0065
4.259041	20.950001	50.004959
4.307659	21	50.004066
4.357246	21.049999	50.001854
4.407944	21.1	49.999939
4.456715	21.150002	49.998589
4.505781	21.200001	49.998184
4.555136	21.25	49.996582
4.603924	21.299999	49.995735
4.653156	21.35	49.997246
4.703003	21.400002	49.999542
4.755289	21.450001	50.001549
4.80789	21.5	50.002701
4.861174	21.549999	50.003288
4.916807	21.6	50.003296
4.970558	21.650002	50.003174
5.024462	21.700001	50.002678
5.077269	21.75	50.001968
5.129639	21.799999	49.99913
5.17993	21.85	49.997261
5.230957	21.900002	49.996979
5.281572	21.950001	49.998131
5.333519	22	49.999512
5.386904	22.049999	50.001442
5.439692	22.1	50.003807
5.493151	22.150002	50.004311
5.54702	22.200001	50.004265
5.602386	22.25	50.003288
5.657988	22.299999	50.003052
5.713814	22.35	50.002792
5.76882	22.400002	50.001106
5.82493	22.450001	49.99852
5.882549	22.5	49.996223
5.937939	22.549999	49.99659
5.994192	22.6	49.996071
6.051252	22.650002	49.996971
6.106926	22.700001	49.99662
6.163853	22.75	49.996559
6.221706	22.799999	49.995583
6.279936	22.85	49.99456
6.336981	22.900002	49.994232
6.393394	22.950001	49.993141
6.449974	23	49.99202
6.505308	23.049999	49.9916
6.560509	23.1	49.991844
6.616434	23.150002	49.992485
6.672495	23.200001	49.993134
6.730677	23.25	49.992485
6.790272	23.299999	49.992096
6.848328	23.35	49.991653
6.905842	23.400002	49.992676
6.963152	23.450001	49.993652
7.020098	23.5	49.993141
7.077148	23.549999	49.993233
7.135059	23.6	49.992439
7.194477	23.650002	49.993042
7.254499	23.700001	49.993919
7.314178	23.75	49.995331
7.374439	23.799999	49.997017
7.434589	23.85	49.996727
7.49482	23.900002	49.995491
7.555414	23.950001	49.993713
7.615892	24	49.99292
7.676163	24.049999	49.993576
7.736465	24.1	49.994156
7.796162	24.150002	49.995079
7.856686	24.200001	49.996452
7.918407	24.25	49.999031
7.978662	24.299999	50.001678
8.038727	24.35	50.003235
8.098843	24.400002	50.003456
8.160067	24.450001	50.002808
8.220886	24.5	50.002922
8.281462	24.549999	50.002686
8.343277	24.6	50.003578
8.405056	24.650002	50.002678
8.46723	24.700001	50.001389
8.529114	24.75	49.998222
8.590816	24.799999	49.996918
8.65201	24.85	49.998055
8.71188	24.900002	49.997833
8.771614	24.950001	49.996361
8.830645	25	49.994934
8.890963	25.049999	49.993057
8.952192	25.1	49.99128
9.013571	25.150002	49.988388
9.075861	25.200001	49.985985
9.137127	25.25	49.985909
9.197617	25.299999	49.986206
9.259369	25.35	49.984192
9.321875	25.400002	49.983063
9.385645	25.450001	49.982788
9.449276	25.5	49.981789
9.512999	25.549999	49.981216
9.575388	25.6	49.981987
9.63694	25.650002	49.982689
9.697092	25.700001	49.982536
9.756598	25.75	49.981651
9.815874	25.799999	49.982269
9.876574	25.85	49.983551
9.937702	25.900002	49.983437
9.997519	25.950001	49.983734
10.055853	26	49.985107
10.114771	26.050001	49.984131
10.173534	26.1	49.980965
10.232458	26.15	49.978775
10.291588	26.200001	49.976669
10.35191	26.25	49.974152
10.412695	26.300001	49.972801
10.472847	26.35	49.974159
10.535231	26.4	49.975662
10.598269	26.450001	49.977982
10.662214	26.5	49.981407
10.72592	26.550001	49.985214
10.791874	26.6	49.986702
10.857656	26.65	49.987167
10.922989	26.700001	49.986969
10.987631	26.75	49.988289
11.051338	26.800001	49.989395
11.114342	26.85	49.989304
11.175808	26.9	49.987762
11.236919	26.950001	49.9869
11.29845	27	49.986839
11.360111	27.050001	49.984955
11.420406	27.1	49.983307
11.480783	27.15	49.982506
11.541233	27.200001	49.982689
11.601868	27.25	49.982979
11.662605	27.300001	49.9823
11.723536	27.35	49.981895
11.784443	27.4	49.983528
11.845076	27.450001	49.985176
11.905855	27.5	49.985901
11.966822	27.550001	49.985756
12.028082	27.6	49.98465
12.090324	27.65	49.984055
12.152052	27.700001	49.984985
12.212343	27.75	49.985123
12.271332	27.800001	49.986084
12.330959	27.85	49.986877
12.392166	27.9	49.987076
12.45339	27.950001	49.986839
12.515125	28	49.986557
12.57696	28.050001	49.986542
12.637691	28.1	49.986328
12.698391	28.15	49.985718
12.7587	28.200001	49.985786
12.818208	28.25	49.986565
12.879095	28.300001	49.987137
12.942785	28.35	49.986641
13.007047	28.4	49.986847
13.071126	28.450001	49.986885
13.134784	28.5	49.987068
13.198073	28.550001	49.987305
13.260191	28.6	49.987343
13.322026	28.65	49.987694
13.383426	28.700001	49.987648
13.443456	28.75	49.986824
13.503221	28.800001	49.986641
13.563758	28.85	49.987907
13.625712	28.9	49.988739
13.68869	28.950001	49.989578
13.751276	29	49.991058
13.812624	29.050001	49.991554
13.874029	29.1	49.992676
13.93631	29.15	49.995071
13.999878	29.200001	49.995667
14.062474	29.25	49.995277
14.125359	29.300001	49.99543
14.187469	29.35	49.99617
14.24916	29.4	49.996582
14.311367	29.450001	49.996216
14.373222	29.5	49.997055
14.434799	29.550001	49.997375
14.496592	29.6	49.997902
14.557962	29.65	49.997665
14.619092	29.700001	49.998344
14.681347	29.75	50.000038
14.742754	29.800001	50.002983
14.803664	29.85	50.005577
14.86467	29.9	50.006927
14.927701	29.950001	50.008385
14.990376	30	50.010544
15.054497	30.050001	50.01178
15.118493	30.1	50.011017
15.181685	30.15	50.008972
15.245507	30.200001	50.008026
15.309318	30.25	50.005936
15.37411	30.300001	50.004272
15.439076	30.35	50.001724
15.501922	30.4	50.001007
15.564054	30.450001	50.001221
15.625828	30.5	50.002472
15.68721	30.550001	50.003784
15.748365	30.6	50.004913
15.808874	30.65	50.005005
15.868678	30.700001	50.003677
15.927698	30.75	50.001358
15.988503	30.800001	50.000404
16.049801	30.85	50.001068
16.11212	30.9	50.001198
16.174303	30.950001	50.001106
16.236645	31	50.001053
16.299492	31.050001	50.00016
16.362114	31.1	49.998962
16.42572	31.15	49.99865
16.486933	31.200001	49.998329
16.549091	31.25	49.99913
16.611179	31.300001	50.000725
16.674082	31.35	50.002731
16.737087	31.4	50.002243
16.799595	31.450001	49.999763
16.861471	31.5	49.996796
16.922539	31.550001	49.994987
16.983063	31.6	49.992744
17.044628	31.65	49.990517
17.106644	31.700001	49.987862
17.170376	31.75	49.986221
17.234993	31.800001	49.985809
17.298229	31.85	49.984398
17.361053	31.9	49.984093
17.423052	31.950001	49.983574
17.484308	32	49.983002
17.546787	32.050003	49.982353
17.609333	32.099998	49.983528
17.670553	32.150002	49.983871
17.730907	32.200001	49.985931
17.790977	32.25	49.986778
17.854122	32.300003	49.987129
17.914696	32.349998	49.988266
17.975693	32.400002	49.988174
18.038139	32.450001	49.988327
18.100639	32.5	49.98967
18.161915	32.550003	49.98999
18.224382	32.599998	49.988937
18.286526	32.650002	49.987923
18.347931	32.700001	49.987251
18.408167	32.75	49.985657
18.468092	32.800003	49.982262
18.527195	32.849998	49.98159
18.587852	32.900002	49.980965
18.645947	32.950001	49.980316
18.70591	33	49.979576
18.768354	33.050003	49.98127
18.829401	33.099998	49.982208
18.889805	33.150002	49.981598
18.952366	33.200001	49.981575
19.014755	33.25	49.980515
19.07865	33.300003	49.980629
19.141731	33.349998	49.981247
19.203712	33.400002	49.9823
19.26601	33.450001	49.98185
19.328447	33.5	49.981895
19.390074	33.550003	49.981995
19.451471	33.599998	49.982132
19.512178	33.650002	49.980949
19.57563	33.700001	49.980522
19.638531	33.75	49.979401
19.70155	33.800003	49.979149
19.762299	33.849998	49.977791
19.820522	33.900002	49.976952
19.879875	33.950001	49.977173
19.937656	34	49.978119
19.994495	34.050003	49.978088
20.05138	34.099998	49.979347
20.110619	34.150002	49.980911
20.171173	34.200001	49.982925
20.231745	34.25	49.983765
20.293467	34.300003	49.98494
20.353718	34.349998	49.986893
20.413692	34.400002	49.989334
20.474361	34.450001	49.99173
20.536678	34.5	49.994858
20.598663	34.550003	49.996483
20.661154	34.599998	49.995522
20.72287	34.650002	49.994148
20.783655	34.700001	49.993492
20.844524	34.75	49.992706
20.904184	34.800003	49.990219
20.963505	34.849998	49.989334
21.021954	34.900002	49.989655
21.082449	34.950001	49.989258
21.143761	35	49.98967
21.203178	35.050003	49.991676
21.26288	35.099998	49.992363
21.323025	35.150002	49.993019
21.382004	35.200001	49.991989
21.43952	35.25	49.989037
21.496632	35.300003	49.988106
21.555496	35.349998	49.986969
21.613914	35.400002	49.986931
21.673075	35.450001	49.986977
21.73341	35.5	49.986412
21.794861	35.550003	49.985832
21.856302	35.599998	49.98465
21.916189	35.650002	49.983124
21.975782	35.700001	49.982773
22.035042	35.75	49.983963
22.094101	35.800003	49.985222
22.154003	35.849998	49.984909
22.214222	35.900002	49.986206
22.274677	35.950001	49.988335
22.335371	36	49.990562
22.394644	36.050003	49.990845
22.453659	36.099998	49.991035
22.51383	36.150002	49.99118
22.574249	36.200001	49.99128
22.634222	36.25	49.990738
22.693653	36.300003	49.99012
22.753139	36.349998	49.988541
22.81316	36.400002	49.988014
22.874466	36.450001	49.989326
22.934788	36.5	49.989952
22.995634	36.550003	49.993538
23.057667	36.599998	49.996651
23.117979	36.650002	49.999557
23.177528	36.700001	50.001022
23.237183	36.75	50.001205
23.293135	36.800003	50.002464
23.350443	36.849998	50.004311
23.408844	36.900002	50.004448
23.468079	36.950001	50.003128
23.526564	37	50.002296
23.586391	37.050003	50.000542
23.647179	37.099998	49.999229
23.708496	37.150002	49.997772
23.768984	37.200001	49.997025
23.827768	37.25	49.996246
23.887535	37.300003	49.995926
23.946224	37.349998	49.995934
24.005651	37.400002	49.995804
24.06555	37.450001	49.995583
24.126064	37.5	49.993813
24.186052	37.550003	49.994179
24.247776	37.599998	49.994926
24.307932	37.650002	49.996124
24.367344	37.700001	49.996643
24.426649	37.75	49.996971
24.485584	37.800003	49.99855
24.544136	37.849998	49.999794
24.602253	37.900002	50.000862
24.661858	37.950001	50.002937
24.722324	38	50.005585
24.780708	38.050003	50.007133
24.838263	38.099998	50.007133
24.895281	38.150002	50.006821
24.95149	38.200001	50.007057
25.008627	38.25	50.00663
25.066402	38.300003	50.003929
25.125784	38.349998	50.000267
25.18664	38.400002	49.996483
25.247259	38.450001	49.991943
25.30739	38.5	49.98867
25.367579	38.550003	49.986404
25.428268	38.599998	49.983383
25.488924	38.650002	49.98291
25.548937	38.700001	49.982162
25.609768	38.75	49.982468
25.670368	38.800003	49.985229
25.731001	38.849998	49.989563
25.791321	38.900002	49.991028
25.850651	38.950001	49.993263
25.909662	39	49.995567
25.968925	39.050003	49.995445
26.027708	39.099998	49.995453
26.083967	39.150002	49.994156
26.140074	39.200001	49.992439
26.197512	39.25	49.990288
26.256996	39.300003	49.987869
26.316456	39.349998	49.986778
26.376888	39.400002	49.986755
26.436514	39.450001	49.987305
26.496185	39.5	49.987885
26.555336	39.550003	49.987465
26.614798	39.599998	49.987373
26.674593	39.650002	49.988045
26.734081	39.700001	49.988251
26.793196	39.75	49.987556
26.851492	39.800003	49.986259
26.909908	39.849998	49.985672
26.968525	39.900002	49.984703
27.026567	39.950001	49.984688
27.08408	40	49.985565
27.141365	40.050003	49.985901
27.199911	40.099998	49.984985
27.258274	40.150002	49.984001
27.31666	40.200001	49.982613
27.375181	40.25	49.981743
27.434242	40.300003	49.981171
27.492682	40.349998	49.981377
27.550247	40.400002	49.981529
27.609867	40.450001	49.981499
27.668945	40.5	49.982452
27.72674	40.550003	49.98188
27.784292	40.599998	49.982178
27.842154	40.650002	49.982513
27.899529	40.700001	49.983192
27.956486	40.75	49.985077
28.013981	40.800003	49.986015
28.072973	40.849998	49.985321
28.130617	40.900002	49.984039
28.188648	40.950001	49.981804
28.245855	41	49.97924
28.303528	41.050003	49.979004
28.361078	41.099998	49.980728
28.418762	41.150002	49.982941
28.477001	41.200001	49.985001
28.534143	41.25	49.985123
28.59255	41.300003	49.985924
28.651821	41.349998	49.986969
28.710699	41.400002	49.987831
28.77117	41.450001	49.98806
28.831812	41.5	49.98822
28.891718	41.550003	49.987999
28.950953	41.599998	49.988472
29.009676	41.650002	49.990166
29.068247	41.700001	49.992081
29.126394	41.75	49.994057
29.182486	41.800003	49.994789
29.238281	41.849998	49.995186
29.294867	41.900002	49.99485
29.351913	41.950001	49.993477
29.411055	42	49.992126
29.469215	42.049999	49.990807
29.527658	42.100002	49.991104
29.585796	42.150002	49.992165
29.643803	42.200001	49.993141
29.700272	42.25	49.994675
29.756798	42.299999	49.99588
29.812872	42.350002	49.996918
29.869301	42.400002	49.998741
29.925917	42.450001	50.000999
29.982016	42.5	50.003288
30.03826	42.549999	50.004303
30.095301	42.600002	50.003677
30.153969	42.650002	50.001198
30.212143	42.700001	49.99929
30.269197	42.75	49.997948
30.326496	42.799999	49.997299
30.382597	42.850002	49.996277
30.43902	42.900002	49.995697
30.495407	42.950001	49.996872
30.552176	43	49.998299
30.609392	43.049999	49.998726
30.666437	43.100002	49.999428
30.723925	43.150002	49.999321
30.783298	43.200001	50.000076
30.842894	43.25	50.001022
30.900507	43.299999	50.001221
30.957136	43.350002	50.001839
31.014725	43.400002	50.002983
31.070133	43.450001	50.004616
31.125683	43.5	50.006157
31.182032	43.549999	50.007965
31.239208	43.600002	50.007156
31.296467	43.650002	50.005638
31.354153	43.700001	50.003738
31.413246	43.75	50.000626
31.471277	43.799999	49.997452
31.528971	43.850002	49.994736
31.587278	43.900002	49.993469
31.645741	43.950001	49.992996
31.703144	44	49.993256
31.760618	44.049999	49.994858
31.818066	44.100002	49.995377
31.874849	44.150002	49.995171
31.930319	44.200001	49.994202
31.984858	44.25	49.993347
32.040661	44.299999	49.991692
32.095688	44.350002	49.991554
32.151203	44.400002	49.991829
32.206074	44.450001	49.992851
32.259365	44.5	49.993759
32.314266	44.549999	49.994034
32.37077	44.600002	49.993942
32.426979	44.650002	49.993729
32.483986	44.700001	49.993523
32.540783	44.75	49.99456
32.599068	44.799999	49.996384
32.659084	44.850002	49.998711
32.71983	44.900002	50.000771
32.778896	44.950001	50.002373
32.837051	45	50.003197
32.893875	45.049999	50.003563
32.950489	45.100002	50.005005
33.007225	45.150002	50.005341
33.06395	45.200001	50.004745
33.121483	45.25	50.004662
33.178761	45.299999	50.006615
33.23526	45.350002	50.007927
33.291363	45.400002	50.007759
33.34705	45.450001	50.006454
33.402931	45.5	50.006096
33.459007	45.549999	50.005478
33.514133	45.600002	50.005035
33.5681	45.650002	50.004913
33.624123	45.700001	50.004753
33.681702	45.75	50.005486
33.739391	45.799999	50.005363
33.79673	45.850002	50.004745
33.854031	45.900002	50.003906
33.909943	45.950001	50.002403
33.965546	46	49.999954
34.022224	46.049999	49.99791
34.077766	46.100002	49.995552
34.132172	46.150002	49.993675
34.187714	46.200001	49.993103
34.244564	46.25	49.993584
34.300339	46.299999	49.993149
34.357052	46.350002	49.992462
34.412102	46.400002	49.990997
34.467358	46.450001	49.991074
34.523243	46.5	49.990997
34.578453	46.549999	49.99099
34.633652	46.600002	49.991982
34.688564	46.650002	49.990952
34.742668	46.700001	49.988708
34.795891	46.75	49.986916
34.84898	46.799999	49.98632
34.902714	46.850002	49.986504
34.959045	46.900002	49.986969
35.01535	46.950001	49.986855
35.071415	47	49.986176
35.128468	47.049999	49.985535
35.183613	47.100002	49.98645
35.24007	47.150002	49.985268
35.297596	47.200001	49.984535
35.355583	47.25	49.983757
35.412792	47.299999	49.982658
35.470036	47.350002	49.981888
35.525455	47.400002	49.981285
35.581711	47.450001	49.980957
35.637459	47.5	49.981148
35.693893	47.549999	49.982162
35.750813	47.600002	49.98201
35.81028	47.650002	49.982086
35.869358	47.700001	49.982658
35.926739	47.75	49.984016
35.982758	47.799999	49.985344
36.036755	47.850002	49.985252
36.09045	47.900002	49.984291
36.144829	47.950001	49.98307
36.199875	48	49.980385
36.254971	48.049999	49.979263
36.310108	48.100002	49.978645
36.365223	48.150002	49.979111
36.42062	48.200001	49.977661
36.475708	48.25	49.976952
36.529995	48.299999	49.97728
36.584641	48.350002	49.977699
36.640385	48.400002	49.979385
36.694157	48.450001	49.981178
36.747448	48.5	49.982529
36.801979	48.549999	49.982941
36.858406	48.600002	49.983765
36.912716	48.650002	49.984863
36.967953	48.700001	49.986748
37.024319	48.75	49.988701
37.078793	48.799999	49.989571
37.132889	48.850002	49.991562
37.18734	48.900002	49.991737
37.240822	48.950001	49.991585
37.294476	49	49.990936
37.347797	49.049999	49.991318
37.401337	49.100002	49.992439
37.45565	49.150002	49.993378
37.510178	49.200001	49.994247
37.564617	49.25	49.996292
37.619041	49.299999	49.998322
37.672752	49.350002	49.99865
37.728966	49.400002	49.997017
37.784832	49.450001	49.995285
37.840988	49.5	49.994583
37.895832	49.549999	49.994743
37.952965	49.600002	49.997025
38.011032	49.650002	49.999146
38.068748	49.700001	49.999222
38.12558	49.75	49.999649
38.181664	49.799999	50.000755
38.236183	49.850002	50.001884
38.290768	49.900002	50.003479
38.34359	49.950001	50.004791
38.396999	50	50.006569
38.452614	50.049999	50.008598
38.507973	50.100002	50.009216
38.562752	50.150002	50.010757
38.617264	50.200001	50.012482
38.670078	50.25	50.012245
38.723099	50.299999	50.012047
38.777077	50.350002	50.011986
38.832439	50.400002	50.012566
38.888111	50.450001	50.013947
38.942844	50.5	50.014618
38.997097	50.549999	50.015099
39.050941	50.600002	50.013565
39.105099	50.650002	50.010956
39.160061	50.700001	50.008141
39.21537	50.75	50.005981
39.270531	50.799999	50.005394
39.324825	50.850002	50.004738
39.379768	50.900002	50.00457
39.434761	50.950001	50.003296
39.488586	51	50.004211
39.544785	51.049999	50.004181
39.601936	51.100002	50.005135
39.657181	51.150002	50.005089
39.713356	51.200001	50.005959
39.769295	51.25	50.005081
39.823647	51.299999	50.004776
39.876148	51.350002	50.003639
39.92926	51.400002	50.002022
39.981903	51.450001	50.000229
40.033722	51.5	49.999573
40.085991	51.549999	49.999306
40.138443	51.600002	49.997993
40.193279	51.650002	49.996071
40.248726	51.700001	49.995094
40.302326	51.75	49.996361
40.355019	51.799999	49.99688
40.40947	51.850002	49.997307
40.464668	51.900002	49.998535
40.519379	51.950001	50.00087
40.57423	52	50.001907
40.629047	52.049999	50.001953
40.683662	52.100002	50.000725
40.737747	52.150002	49.999542
40.791214	52.200001	49.998512
40.844193	52.25	49.997787
40.897038	52.299999	49.995682
40.949883	52.350002	49.995934
41.004448	52.400002	49.996948
41.057938	52.450001	49.99678
41.111412	52.5	49.994942
41.165646	52.549999	49.994896
41.219105	52.600002	49.993462
41.272545	52.650002	49.993523
41.326054	52.700001	49.994568
41.381187	52.75	49.996086
41.43737	52.799999	49.997917
41.494034	52.850002	49.99868
41.550659	52.900002	49.998421
41.607769	52.950001	49.997292
41.663937	53	49.996788
41.719955	53.049999	49.995407
41.775414	53.100002	49.994789
41.829967	53.150002	49.993515
41.884197	53.200001	49.991707
41.937565	53.25	49.989998
41.992897	53.299999	49.989372
42.046074	53.350002	49.989441
42.099968	53.400002	49.990555
42.15213	53.450001	49.991379
42.206364	53.5	49.991272
42.260899	53.549999	49.990379
42.316441	53.600002	49.988853
42.3722	53.650002	49.98764
42.427338	53.700001	49.988106
42.482327	53.75	49.987007
42.535679	53.799999	49.984512
42.588902	53.850002	49.981689
42.642307	53.900002	49.979195
42.696091	53.950001	49.978882
42.748989	54	49.97921
42.802822	54.049999	49.980461
42.856995	54.100002	49.983528
42.91164	54.150002	49.986351
42.964931	54.200001	49.987999
43.018143	54.25	49.988564
43.070877	54.299999	49.988098
43.122955	54.350002	49.98687
43.178055	54.400002	49.987717
43.233086	54.450001	49.989281
43.28685	54.5	49.992508
43.339844	54.549999	49.995308
43.391373	54.600002	49.997452
43.443291	54.650002	50.000237
43.496452	54.700001	50.0019
43.548923	54.75	50.004288
43.601128	54.799999	50.006546
43.654388	54.850002	50.006531
43.70784	54.900002	50.004761
43.762623	54.950001	50.004219
43.816494	55	50.002296
43.869686	55.049999	50.001167
43.924423	55.100002	50.000648
43.979485	55.150002	50.001106
44.034397	55.200001	50.000122
44.088879	55.25	49.999352
44.142887	55.299999	49.998695
44.195892	55.350002	49.997726
44.249691	55.400002	49.99659
44.302387	55.450001	49.995796
44.355049	55.5	49.996384
44.407635	55.549999	49.995789
44.459724	55.600002	49.996246
44.511719	55.650002	49.996979
44.564205	55.700001	49.996742
44.618729	55.75	49.996826
44.673393	55.799999	49.996544
44.726913	55.850002	49.99688
44.779587	55.900002	49.99913
44.834412	55.950001	50.000702
44.888458	56	50.00148
44.943062	56.049999	50.001755
44.998222	56.100002	50.002182
45.052765	56.150002	50.00219
45.1087	56.200001	50.001122
45.164585	56.25	50.002014
45.220512	56.299999	50.00219
45.275585	56.350002	50.001457
45.328568	56.400002	50.00045
45.381001	56.450001	50.000961
45.431507	56.5	50.000839
45.483376	56.549999	50.000725
45.535645	56.600002	50.000694
45.587593	56.650002	50.001038
45.641499	56.700001	50.000671
45.69696	56.75	50.000504
45.750999	56.799999	49.998611
45.804382	56.850002	49.996536
45.856987	56.900002	49.996147
45.909634	56.950001	49.996811
45.961227	57	49.995689
46.013382	57.049999	49.995422
46.065735	57.100002	49.995323
46.117271	57.150002	49.994278
46.168922	57.200001	49.99353
46.218727	57.25	49.992599
46.269279	57.299999	49.994186
46.319176	57.350002	49.996262
46.368832	57.400002	49.997917
46.420311	57.450001	49.997543
46.47245	57.5	49.997581
46.525032	57.549999	49.998932
46.577713	57.600002	49.999985
46.630348	57.650002	50.000137
46.683907	57.700001	50.001289
46.737411	57.75	50.001663
46.790325	57.799999	50.001915
46.842789	57.850002	50.000793
46.894417	57.900002	50.001442
46.94688	57.950001	50.002472
46.999241	58	50.004234
47.052536	58.049999	50.004707
47.106361	58.100002	50.005966
47.160809	58.150002	50.005974
47.21386	58.200001	50.006012
47.265755	58.25	50.005348
47.319534	58.299999	50.005112
47.37331	58.350002	50.005226
47.428154	58.400002	50.006073
47.483608	58.450001	50.008408
47.537674	58.5	50.009911
47.590157	58.549999	50.009445
47.641266	58.600002	50.008057
47.692554	58.650002	50.005058
47.74509	58.700001	50.002068
47.797745	58.75	49.999313
47.850655	58.799999	49.998199
47.903473	58.850002	49.99733
47.954529	58.900002	49.995186
48.006767	58.950001	49.993286
48.059452	59	49.991295
48.112946	59.049999	49.988121
48.167278	59.100002	49.986877
48.221008	59.150002	49.985771
48.275414	59.200001	49.984917
48.329849	59.25	49.983437
48.384445	59.299999	49.983711
48.438354	59.350002	49.984955
48.490833	59.400002	49.987854
48.542007	59.450001	49.989868
48.594669	59.5	49.991226
48.647537	59.549999	49.992149
48.700653	59.600002	49.992928
48.753551	59.650002	49.99263
48.806519	59.700001	49.990303
48.858555	59.75	49.988441
48.911209	59.799999	49.987953
48.964661	59.850002	49.988846
49.017876	59.900002	49.9897
49.071068	59.950001	49.990334
49.125664	60	49.992264
49.180748	60.049999	49.993698
49.236595	60.100002	49.995216
49.291653	60.150002	49.996071
49.345566	60.200001	49.997246
49.39933	60.25	49.996346
49.452835	60.299999	49.995804
49.505447	60.350002	49.996109
49.557877	60.400002	49.99585
49.608765	60.450001	49.996017
49.65921	60.5	49.994484
49.709045	60.549999	49.992622
49.759506	60.600002	49.990387
49.811291	60.650002	49.987778
49.863678	60.700001	49.985931
49.916313	60.75	49.985374
49.970322	60.799999	49.986282
50.023827	60.850002	49.98703
50.077202	60.900002	49.988251
50.131454	60.950001	49.988403
50.18465	61	49.988503
50.235947	61.049999	49.988251
50.287148	61.100002	49.987457
50.339569	61.150002	49.986641
50.393326	61.200001	49.984734
50.44706	61.25	49.98362
50.499062	61.299999	49.983047
50.54982	61.350002	49.984276
50.601021	61.400002	49.986794
50.652962	61.450001	49.990005
50.704285	61.5	49.9916
50.756939	61.549999	49.991112
50.808998	61.600002	49.990387
50.861572	61.650002	49.98941
50.916786	61.700001	49.989189
50.97242	61.75	49.990883
51.027168	61.799999	49.992569
51.080692	61.850002	49.993996
51.134171	61.900002	49.993904
51.186245	61.950001	49.995354
51.238541	62	49.997772
51.290455	62.049999	50.000107
51.342331	62.100002	50.002167
51.395779	62.150002	50.003029
51.44891	62.200001	50.002602
51.501755	62.25	50.000717
51.553429	62.299999	49.998283
51.60527	62.350002	49.995567
51.656067	62.400002	49.99324
51.706173	62.450001	49.992012
51.757298	62.5	49.991203
51.808861	62.549999	49.990654
51.860733	62.600002	49.990891
51.913231	62.650002	49.992157
51.964661	62.700001	49.993469
52.017906	62.75	49.993263
52.069958	62.799999	49.992256
52.122368	62.850002	49.991547
52.174774	62.900002	49.991043
52.227654	62.950001	49.990555
52.279663	63	49.989937
52.330528	63.049999	49.989571
52.382019	63.100002	49.990662
52.433815	63.150002	49.991791
52.484154	63.200001	49.992058
52.534454	63.25	49.992493
52.584038	63.299999	49.995064
52.633846	63.350002	49.997383
52.682785	63.400002	50.000153
52.731911	63.450001	50.000595
52.782593	63.5	50.00058
52.835022	63.549999	50.001472
52.886734	63.600002	50.00264
52.938911	63.650002	50.002838
52.991135	63.700001	50.002251
53.042458	63.75	50.002304
53.093979	63.799999	50.001945
53.146065	63.850002	50.001778
53.199699	63.900002	50.002205
53.253395	63.950001	50.001617
53.30732	64	50.000832
53.359612	64.050003	50.000732
53.412521	64.100006	50.000648
53.465706	64.150002	50.001106
53.519699	64.199997	50.001549
53.572517	64.25	50.001434
53.624359	64.300003	50.00193
53.677124	64.350006	50.003708
53.728775	64.400002	50.005493
53.780029	64.449997	50.006477
53.831055	64.5	50.006279
53.882851	64.550003	50.006241
53.934143	64.600006	50.004242
53.984955	64.650002	50.002213
54.035378	64.699997	50.001335
54.083931	64.75	50.001648
54.133484	64.800003	50.002472
54.182663	64.850006	50.00312
54.233494	64.900002	50.00399
54.285126	64.949997	50.003693
54.336769	65	50.003204
54.388756	65.050003	50.003952
54.440434	65.100006	50.004494
54.493103	65.150002	50.003517
54.546459	65.199997	50.002373
54.599327	65.25	50.001152
54.651688	65.300003	49.998863
54.702095	65.350006	49.996872
54.754227	65.400002	49.99575
54.804855	65.449997	49.994629
54.855564	65.5	49.994232
54.906677	65.550003	49.993698
54.959751	65.600006	49.99485
55.012749	65.650002	49.995407
55.065598	65.699997	49.994064
55.118141	65.75	49.99398
55.169922	65.800003	49.995979
55.221733	65.850006	49.997299
55.2742	65.900002	49.997749
55.326759	65.949997	49.997375
55.3792	66	49.997139
55.431725	66.050003	49.997017
55.484718	66.100006	49.996826
55.53775	66.150002	49.998207
55.589905	66.199997	49.999481
55.641853	66.25	50.000153
55.693237	66.300003	50.000374
55.743919	66.350006	49.998978
55.793713	66.400002	49.999939
55.845959	66.449997	49.999802
55.899445	66.5	49.999893
55.952423	66.550003	49.998589
56.005913	66.600006	49.996559
56.059196	66.650002	49.995079
56.110729	66.699997	49.994713
56.162693	66.75	49.994858
56.213451	66.800003	49.99411
56.264198	66.850006	49.992249
56.315948	66.900002	49.991707
56.367973	66.949997	49.989723
56.420395	67	49.989906
56.472137	67.050003	49.989937
56.524086	67.100006	49.990311
56.575737	67.150002	49.991348
56.628929	67.199997	49.991798
56.681805	67.25	49.993195
56.736546	67.300003	49.995598
56.789864	67.350006	49.997299
56.8423	67.400002	49.997986
56.895203	67.449997	49.998695
56.947289	67.5	49.998764
57.000038	67.550003	49.998978
57.051743	67.600006	49.998848
57.10437	67.650002	49.998955
57.156185	67.699997	49.997589
57.208824	67.75	49.998314
57.259003	67.800003	49.997581
57.308937	67.850006	49.996864
57.358955	67.900002	49.995941
57.409386	67.949997	49.995773
57.460686	68	49.994568
57.511703	68.050003	49.994629
57.563026	68.100006	49.995918
57.615822	68.150002	49.997292
57.668083	68.199997	49.997757
57.720451	68.25	49.996788
57.771988	68.300003	49.994827
57.823265	68.350006	49.992714
57.875237	68.400002	49.992592
57.92601	68.449997	49.99086
57.977669	68.5	49.988617
58.02961	68.550003	49.986351
58.080261	68.600006	49.985939
58.129204	68.650002	49.985954
58.17881	68.699997	49.987167
58.229542	68.75	49.98864
58.281254	68.800003	49.990173
58.334839	68.850006	49.990738
58.386894	68.900002	49.99221
58.438461	68.949997	49.994949
58.489437	69	49.996902
58.541603	69.050003	49.998131
58.594238	69.100006	49.998573
58.647247	69.150002	49.997726
58.699677	69.199997	49.99691
58.751602	69.25	49.996277
58.802368	69.300003	49.997231
58.853355	69.350006	49.998466
58.904156	69.400002	50.001404
58.953793	69.449997	50.004265
59.002964	69.5	50.004982
59.053497	69.550003	50.004829
59.104538	69.600006	50.002701
59.15654	69.650002	50.000755
59.209099	69.699997	49.999077
59.260681	69.75	49.997719
59.313965	69.800003	49.996185
59.366745	69.850006	49.994781
59.41925	69.900002	49.994522
59.471432	69.949997	49.995171
59.521622	70	49.995171
59.574059	70.050003	49.995041
59.625874	70.100006	49.996162
59.677521	70.150002	49.997902
59.730103	70.199997	49.999313
59.783031	70.25	50.001129
59.836205	70.300003	50.001389
59.887535	70.350006	50.00103
59.938126	70.400002	50.001717
59.988663	70.449997	50.002342
60.038094	70.5	50.003754
60.087639	70.550003	50.003334
60.13755	70.600006	50.003471
60.186543	70.650002	50.002251
60.23571	70.699997	50.001648
60.286415	70.75	50.000412
60.338902	70.800003	50.000732
60.391243	70.850006	50.001053
60.442654	70.900002	50.001122
60.494225	70.949997	50.000206
60.544697	71	49.997902
60.595863	71.050003	49.995087
60.647396	71.100006	49.993195
60.699165	71.150002	49.991798
60.751678	71.199997	49.992157
60.804611	71.25	49.993111
60.857544	71.300003	49.995552
60.910828	71.350006	49.997246
60.962723	71.400002	49.997955
61.01326	71.449997	49.998795
61.063919	71.5	50.000137
61.112976	71.550003	50.001801
61.164963	71.600006	50.002731
61.21611	71.650002	50.002205
61.267517	71.699997	50.000977
61.31942	71.75	50
61.370171	71.800003	49.999008
61.420761	71.850006	49.998116
61.471634	71.900002	49.998726
61.522156	71.949997	49.998352
61.57122	72	49.996788
61.621796	72.050003	49.996391
61.675705	72.100006	49.994499
61.728233	72.150002	49.993523
61.780602	72.199997	49.991844
61.833084	72.25	49.991974
61.885216	72.300003	49.991859
61.936722	72.350006	49.990967
61.987808	72.400002	49.990105
62.03936	72.449997	49.990181
62.089775	72.5	49.990738
62.139778	72.550003	49.99102
62.191078	72.600006	49.994026
62.241051	72.650002	49.997894
62.291176	72.699997	50.000465
62.339455	72.75	50.001961
62.387718	72.800003	50.003883
62.435646	72.850006	50.004593
62.484322	72.900002	50.004417
62.533386	72.949997	50.004517
62.58226	73	50.004852
62.630714	73.050003	50.004677
62.681252	73.100006	50.003311
62.733208	73.150002	50.00042
62.785217	73.199997	49.999924
62.835228	73.25	49.999733
62.885712	73.300003	49.999954
62.936844	73.350006	49.999565
62.988388	73.400002	49.998985
63.038849	73.449997	49.998634
63.090088	73.5	49.997849
63.142052	73.550003	49.997108
63.193871	73.600006	49.997009
63.246086	73.650002	49.997337
63.298561	73.699997	49.998352
63.351372	73.75	49.998672
63.40519	73.800003	49.998856
63.45903	73.850006	49.998207
63.51268	73.900002	49.996948
63.566315	73.949997	49.996452
63.619225	74	49.994835
63.671997	74.050003	49.994125
63.724556	74.099998	49.993347
63.775879	74.150002	49.992973
63.827637	74.200005	49.993309
63.878815	74.25	49.994507
63.931267	74.300003	49.995193
63.984962	74.349998	49.995331
64.036972	74.400002	49.995987
64.08934	74.450005	49.996483
64.142448	74.5	49.996742
64.194206	74.550003	49.997009
64.245041	74.599998	49.997208
64.295731	74.650002	49.997032
64.347015	74.700005	49.995583
64.396271	74.75	49.993713
64.445374	74.800003	49.99192
64.496132	74.849998	49.990883
64.548065	74.900002	49.990952
64.60022	74.950005	49.992081
64.650116	75	49.994789
64.699509	75.050003	49.995987
64.74736	75.099998	49.997993
64.795982	75.150002	49.999634
64.845894	75.200005	50.000267
64.897606	75.25	49.999825
64.949768	75.300003	49.998589
65.000885	75.349998	49.998581
65.052094	75.400002	49.998611
65.104042	75.450005	49.99929
65.154907	75.5	50.000023
65.205605	75.550003	50.00061
65.25602	75.599998	50.002769
65.307312	75.650002	50.004227
65.359306	75.700005	50.005386
65.410789	75.75	50.006065
65.461563	75.800003	50.004921
65.512711	75.849998	50.004326
65.563393	75.900002	50.005264
65.614441	75.950005	50.006752
65.666016	76	50.00621
65.719536	76.050003	50.006073
65.772781	76.099998	50.005241
65.824791	76.150002	50.003441
65.876877	76.200005	50.002235
65.929443	76.25	50.00267
65.980988	76.300003	50.004364
66.031471	76.349998	50.005157
66.081032	76.400002	50.006775
66.130424	76.450005	50.007294
66.179108	76.5	50.006241
66.229683	76.550003	50.006729
66.280632	76.599998	50.006195
66.333488	76.650002	50.004211
66.386253	76.700005	50.001869
66.438744	76.75	50.001205
66.490906	76.800003	50.001694
66.54409	76.849998	50.002945
66.596832	76.900002	50.004555
66.647774	76.950005	50.006882
66.697777	77	50.006393
66.748451	77.050003	50.00602
66.79966	77.099998	50.005806
66.849754	77.150002	50.004303
66.899689	77.200005	50.004044
66.950127	77.25	50.002945
67.000618	77.300003	50.001213
67.050865	77.349998	49.999878
67.103035	77.400002	49.997398
67.154526	77.450005	49.994232
67.204079	77.5	49.990593
67.253838	77.550003	49.988762
67.303734	77.599998	49.987648
67.355171	77.650002	49.987206
67.405968	77.700005	49.98819
67.458122	77.75	49.989136
67.509384	77.800003	49.989502
67.561882	77.849998	49.989601
67.612915	77.900002	49.990089
67.665779	77.950005	49.990669
67.718262	78	49.990898
67.768875	78.050003	49.991127
67.818954	78.099998	49.992661
67.870003	78.150002	49.99295
67.921059	78.200005	49.993843
67.972336	78.25	49.995773
68.023148	78.300003	49.997185
68.073692	78.349998	49.998184
68.123672	78.400002	49.998528
68.174988	78.450005	49.999901
68.226753	78.5	50.00061
68.278015	78.550003	50.000702
68.328499	78.599998	50.001266
68.379219	78.650002	50.003799
68.429672	78.700005	50.006172
68.479332	78.75	50.006821
68.529152	78.800003	50.006897
68.580894	78.849998	50.007156
68.63176	78.900002	50.006912
68.682228	78.950005	50.006165
68.731834	79	50.005859
68.781532	79.050003	50.004845
68.831596	79.099998	50.003174
68.881111	79.150002	50.002319
68.930679	79.200005	50.003517
68.981659	79.25	50.004654
69.031029	79.300003	50.004837
69.082207	79.349998	50.004028
69.133614	79.400002	50.00312
69.185219	79.450005	50.003197
69.235672	79.5	50.003471
69.287247	79.550003	50.004112
69.337654	79.599998	50.003456
69.388702	79.650002	50.003136
69.440109	79.700005	50.00235
69.491798	79.75	50.002319
69.542015	79.800003	50.002495
69.592751	79.849998	50.001953
69.644745	79.900002	50.000534
69.697929	79.950005	50.002296
69.753159	80	50.003151
69.807823	80.050003	50.002937
69.859779	80.099998	50.004364
69.91124	80.150002	50.007408
69.962013	80.200005	50.007553
70.012039	80.25	50.00766
70.063087	80.300003	50.008194
70.1129	80.349998	50.009247
70.163658	80.400002	50.010925
70.213776	80.450005	50.010208
70.264923	80.5	50.009277
70.316086	80.550003	50.009033
70.367531	80.599998	50.008125
70.419189	80.650002	50.006378
70.471504	80.700005	50.0056
70.522881	80.75	50.004227
70.575035	80.800003	50.003456
70.626778	80.849998	50.002388
70.677971	80.900002	50.000542
70.728134	80.950005	49.999268
70.776871	81	49.99865
70.824821	81.050003	49.999222
70.873344	81.099998	50.000702
70.924438	81.150002	50.001251
70.97583	81.200005	50.000694
71.02597	81.25	50.001717
71.075905	81.300003	50.001396
71.124535	81.349998	49.99881
71.174652	81.400002	49.99707
71.224831	81.450005	49.997643
71.275871	81.5	49.998901
71.328056	81.550003	50.001205
71.380554	81.599998	50.003662
71.432793	81.650002	50.005875
71.485817	81.700005	50.00737
71.536026	81.75	50.009178
71.587517	81.800003	50.009933
71.63739	81.849998	50.008408
71.687523	81.900002	50.007477
71.737778	81.950005	50.004494
71.787117	82	50.000595
71.836235	82.050003	49.996796
71.885086	82.099998	49.994293
71.934227	82.150002	49.992538
71.985138	82.200005	49.992241
72.035751	82.25	49.991577
72.085457	82.300003	49.991104
72.134972	82.349998	49.991165
72.185387	82.400002	49.993446
72.235939	82.450005	49.995422
72.286621	82.5	49.996117
72.33712	82.550003	49.996727
72.387619	82.599998	49.99778
72.438049	82.650002	49.998611
72.489243	82.700005	49.998886
72.541191	82.75	49.997681
72.594185	82.800003	49.996948
72.646255	82.849998	49.996338
72.698334	82.900002	49.996216
72.75042	82.950005	49.996201
72.802788	83	49.995651
72.855164	83.050003	49.994888
72.907158	83.099998	49.99437
72.95919	83.150002	49.994308
73.009819	83.200005	49.994049
73.059586	83.25	49.993561
73.10881	83.300003	49.994843
73.158699	83.349998	49.994469
73.209015	83.400002	49.994995
73.259674	83.450005	49.996033
73.310493	83.5	49.996582
73.362709	83.550003	49.997444
73.415421	83.599998	49.997871
73.468636	83.650002	49.996826
73.520905	83.700005	49.995171
73.573738	83.75	49.993874
73.625389	83.800003	49.992424
73.675713	83.849998	49.992126
73.726273	83.900002	49.993347
73.776596	83.950005	49.99514
73.826561	84	49.996841
73.876312	84.050003	49.997162
73.925652	84.099998	49.997162
73.975571	84.150002	49.997185
74.026855	84.200005	49.997093
74.078568	84.25	49.99736
74.128288	84.300003	49.996696
74.178902	84.349998	49.996666
74.228294	84.400002	49.997002
74.279068	84.450005	49.997665
74.328865	84.5	49.99781
74.378754	84.550003	49.997124
74.427673	84.599998	49.996086
74.47673	84.650002	49.993538
74.524803	84.700005	49.989906
74.573517	84.75	49.987976
74.62104	84.800003	49.986176
74.669456	84.849998	49.984329
74.718628	84.900002	49.984169
74.769135	84.950005	49.984848
74.819298	85	49.986382
74.869186	85.050003	49.987556
74.919418	85.099998	49.989304
74.970123	85.150002	49.990616
75.019127	85.200005	49.989647
75.069244	85.25	49.989845
75.118706	85.300003	49.991112
75.16967	85.349998	49.992706
75.219864	85.400002	49.992668
75.269669	85.450005	49.992813
75.317802	85.5	49.993576
75.365219	85.550003	49.993935
75.414459	85.599998	49.993843
75.464958	85.650002	49.995804
75.514404	85.700005	49.998093
75.564125	85.75	49.999321
75.61377	85.800003	50.000954
75.664719	85.849998	50.002754
75.715347	85.900002	50.002525
75.766663	85.950005	50.000801
75.817886	86	50.001274
75.869537	86.050003	49.999245
75.921341	86.099998	49.996437
75.972137	86.150002	49.995049
76.021988	86.200005	49.994308
76.073074	86.25	49.994278
76.125046	86.300003	49.994415
76.177116	86.349998	49.994476
76.23053	86.400002	49.99485
76.283646	86.450005	49.996277
76.335609	86.5	49.997627
76.38475	86.550003	49.998367
76.434189	86.599998	49.99929
76.482925	86.650002	50.000107
76.531906	86.700005	50.000404
76.582092	86.75	50.000351
76.630981	86.800003	50.000984
76.679123	86.849998	50.001755
76.728989	86.900002	50.001259
76.777946	86.950005	49.999649
76.824272	87	49.999672
76.870926	87.050003	49.998795
76.919769	87.099998	49.998207
76.969421	87.150002	49.999046
77.018631	87.200005	50.00032
77.068741	87.25	50.002052
77.118515	87.300003	50.003639
77.168236	87.349998	50.004227
77.218399	87.400002	50.0037
77.269455	87.450005	50.003433
77.322578	87.5	50.003433
77.374847	87.550003	50.002762
77.427727	87.599998	50.001923
77.481201	87.650002	50.001106
77.53392	87.700005	50.001625
77.584671	87.75	50.002251
77.63588	87.800003	50.002136
77.686684	87.849998	50.000839
77.737747	87.900002	50.000801
77.788132	87.950005	50.000305
77.839424	88	49.999649
77.889168	88.050003	49.999222
77.939148	88.099998	49.998489
77.989464	88.150002	49.997879
78.038483	88.200005	49.997803
78.086792	88.25	49.998245
78.135239	88.300003	49.999008
78.185005	88.349998	49.998741
78.236969	88.400002	49.996788
78.288429	88.450005	49.99585
78.339447	88.5	49.995537
78.390327	88.550003	49.994545
78.439651	88.599998	49.994308
78.487251	88.650002	49.995064
78.535172	88.700005	49.99556
78.584984	88.75	49.995018
78.636703	88.800003	49.993576
78.688797	88.849998	49.991959
78.739639	88.900002	49.992172
78.790642	88.950005	49.991562
78.842537	89	49.991158
78.894333	89.050003	49.990471
78.945091	89.099998	49.987961
78.995995	89.150002	49.986572
79.046936	89.200005	49.985832
79.098	89.25	49.986
79.149078	89.300003	49.985176
79.19957	89.349998	49.984802
79.249016	89.400002	49.985695
79.297592	89.450005	49.985893
79.347359	89.5	49.986259
79.39769	89.550003	49.986313
79.447311	89.599998	49.986984
79.498543	89.650002	49.987099
79.550514	89.700005	49.987625
79.600403	89.75	49.990059
79.649475	89.800003	49.992104
79.699165	89.849998	49.993706
79.750366	89.900002	49.99511
79.7995	89.950005	49.99649
79.847557	90	49.996841
79.897095	90.050003	49.997025
79.948311	90.099998	49.997314
80.00013	90.150002	49.996399
80.051735	90.200005	49.996414
80.105255	90.25	49.99691
80.157364	90.300003	49.996063
80.206673	90.349998	49.996025
80.257301	90.400002	49.996246
80.309456	90.450005	49.995018
80.36219	90.5	49.99205
80.413795	90.550003	49.989326
80.464584	90.599998	49.988472
80.515312	90.650002	49.988136
80.566071	90.700005	49.989487
80.617973	90.75	49.991013
80.669235	90.800003	49.992577
80.719437	90.849998	49.992981
80.770638	90.900002	49.993637
80.82151	90.950005	49.994453
80.870422	91	49.995239
80.920174	91.050003	49.995552
80.969658	91.099998	49.994003
81.019501	91.150002	49.993057
81.067955	91.200005	49.993149
81.115875	91.25	49.994957
81.16465	91.300003	49.99575
81.213814	91.349998	49.994904
81.263779	91.400002	49.99453
81.312843	91.450005	49.992111
81.362694	91.5	49.990623
81.412262	91.550003	49.989395
81.463844	91.599998	49.988625
81.515396	91.650002	49.987358
81.566727	91.700005	49.986176
81.61792	91.75	49.986069
81.668694	91.800003	49.986732
81.718369	91.849998	49.9879
81.769775	91.900002	49.987808
81.822456	91.950005	49.987259
81.875023	92	49.985985
81.927078	92.050003	49.98452
81.979179	92.099998	49.982414
82.030441	92.150002	49.980568
82.081444	92.200005	49.979347
82.132034	92.25	49.980103
82.181244	92.300003	49.981499
82.22966	92.349998	49.982285
82.278397	92.400002	49.983292
82.327789	92.450005	49.983765
82.375214	92.5	49.985146
82.423233	92.550003	49.987297
82.471855	92.599998	49.99015
82.5214	92.650002	49.993156
82.570137	92.700005	49.994461
82.618637	92.75	49.99543
82.667397	92.800003	49.996346
82.715729	92.849998	49.997337
82.765442	92.900002	49.999031
82.816002	92.950005	50.000351
82.866119	93	50.001152
82.916595	93.050003	50.002586
82.96711	93.099998	50.004471
83.016945	93.150002	50.005127
83.066643	93.200005	50.00412
83.115837	93.25	50.00309
83.163277	93.300003	50.00087
83.211281	93.349998	49.9981
83.260345	93.400002	49.995758
83.30986	93.450005	49.994308
83.358665	93.5	49.99411
83.407822	93.550003	49.993683
83.456825	93.599998	49.993301
83.507179	93.650002	49.994812
83.558182	93.700005	49.9963
83.608154	93.75	49.997597
83.658653	93.800003	49.997787
83.709015	93.849998	49.998161
83.76088	93.900002	49.998268
83.811089	93.950005	49.997635
83.861038	94	49.997589
83.9104	94.050003	49.998436
83.960083	94.099998	49.999718
84.010117	94.150002	50.002228
84.059937	94.200005	50.003571
84.110527	94.25	50.005348
84.161758	94.300003	50.005295
84.212212	94.349998	50.003983
84.261902	94.400002	50.000961
84.31131	94.450005	49.997925
84.360214	94.5	49.995445
84.409851	94.550003	49.993393
84.458443	94.599998	49.991402
84.506042	94.650002	49.99012
84.556061	94.700005	49.990784
84.606697	94.75	49.99276
84.65641	94.800003	49.994232
84.705994	94.849998	49.995148
84.756378	94.900002	49.996101
84.808586	94.950005	49.996132
84.860435	95	49.996132
84.913132	95.050003	49.996086
84.964767	95.099998	49.995834
85.016327	95.150002	49.994926
85.066765	95.200005	49.993896
85.119087	95.25	49.992142
85.16938	95.300003	49.991173
85.219955	95.349998	49.989861
85.269463	95.400002	49.988846
85.318047	95.450005	49.98774
85.367622	95.5	49.987648
85.415878	95.550003	49.988304
85.464737	95.599998	49.989853
85.514603	95.650002	49.9916
85.563782	95.700005	49.994453
85.613747	95.75	49.994621
85.665512	95.800003	49.994453
85.716499	95.849998	49.994278
85.767441	95.900002	49.992882
85.81707	95.950005	49.991394
85.867699	96	49.988899
85.91851	96.050003	49.987877
85.96994	96.099998	49.988708
86.02018	96.150002	49.991295
86.071205	96.200005	49.992859
86.12114	96.25	49.992378
86.171921	96.300003	49.991043
86.222679	96.349998	49.989502
86.271545	96.400002	49.987968
86.321106	96.450005	49.987206
86.370674	96.5	49.987694
86.419151	96.550003	49.987511
86.46743	96.599998	49.986801
86.516113	96.650002	49.984985
86.565414	96.700005	49.983406
86.616844	96.75	49.982201
86.669197	96.800003	49.982567
86.720619	96.849998	49.983429
86.770065	96.900002	49.985085
86.820877	96.950005	49.986359
86.870918	97	49.988167
86.920761	97.050003	49.989723
86.970451	97.099998	49.989914
87.021133	97.150002	49.99028
87.072495	97.200005	49.990921
87.124214	97.25	49.991592
87.175117	97.300003	49.991318
87.22567	97.349998	49.990456
87.275742	97.400002	49.990242
87.325851	97.450005	49.989136
87.376366	97.5	49.986801
87.42614	97.550003	49.984589
87.476677	97.599998	49.982407
87.527351	97.650002	49.980415
87.576996	97.700005	49.979103
87.625473	97.75	49.979065
87.674767	97.800003	49.978966
87.724106	97.849998	49.979607
87.770752	97.900002	49.979431
87.818924	97.950005	49.979591
87.868896	98	49.979973
87.919334	98.050003	49.979851
87.968636	98.099998	49.981331
88.01754	98.150002	49.982956
88.066833	98.200005	49.98365
88.116547	98.25	49.985558
88.166618	98.300003	49.98777
88.217773	98.349998	49.990372
88.268433	98.400002	49.991257
88.318893	98.450005	49.991043
88.369827	98.5	49.990242
88.419899	98.550003	49.990311
88.468987	98.599998	49.991035
88.518616	98.650002	49.992012
88.568726	98.700005	49.993164
88.618927	98.75	49.99382
88.668922	98.800003	49.994881
88.719536	98.849998	49.998093
88.770576	98.900002	49.999077
88.821823	98.950005	49.999565
88.87207	99	50.00061
88.920639	99.050003	50.002045
88.969315	99.099998	50.004173
89.019508	99.150002	50.005547
89.069183	99.200005	50.007103
89.118912	99.25	50.008789
89.166756	99.300003	50.008804
89.215591	99.349998	50.008881
89.265457	99.400002	50.009911
89.314941	99.450005	50.010368
89.364632	99.5	50.008995
89.413788	99.550003	50.006264
89.461533	99.599998	50.005005
89.508873	99.650002	50.004143
89.556358	99.700005	50.00322
89.602364	99.75	50.002449
89.652138	99.800003	50.00145
89.701164	99.849998	50.0019
89.751122	99.900002	50.002541
89.801071	99.950005	50.001289
89.851303	90	49.998573
89.901482	90	49.997017
89.952057	90	49.997452
90.001938	90	49.997635
90.051224	90	49.997498
90.101555	90	49.996666
90.152596	90	49.996918
90.203377	90	49.997116
90.253571	90	49.99678
90.30117	90	49.994881
90.348969	90	49.993843
90.397881	90	49.993889
90.446495	90	49.993828
90.494774	90	49.994194
90.54451	90	49.994392
90.5933	90	49.993896
90.641289	90	49.995049
90.688774	90	49.996262
90.734879	90	49.998398
90.781105	90	50.000031
90.829727	90	50.000534
90.879189	90	50.000954
90.929588	90	50.001999
90.980942	90	50.004242
91.031677	90	50.006615
91.082161	90	50.006432
91.132851	90	50.00576
91.181984	90	50.005241
91.228561	90	50.004608
91.275146	90	50.00296
91.322083	90	50.000641
91.36972	90	49.998199
91.418785	90	49.995949
91.467743	90	49.99395
91.51693	90	49.991989
91.564552	90	49.991104
91.61216	90	49.991661
91.656334	90	49.994331
91.700706	90	49.994759
91.744591	90	49.996307
91.788109	90	49.996925
91.83242	90	49.997398
91.876228	90	49.996712
91.920013	90	49.996552
91.963326	90	49.994789
92.007072	90	49.994171
92.051292	90	49.993721
92.096329	90	49.994171
92.139267	90	49.99411
92.182663	90	49.992897
92.226509	90	49.991875
92.269684	90	49.990303
92.312988	90	49.990051
92.355484	90	49.990692
92.398338	90	49.990379
92.4403	90	49.990593
92.480171	90	49.988548
92.519653	90	49.988106
92.559982	90	49.988625
92.599159	90	49.988266
92.637466	90	49.988922
92.675072	90	49.990433
92.713936	90	49.992767
92.752411	90	49.994949
92.790276	90	49.997589
92.826416	90	49.998795
92.863647	90	50.000259
92.900452	90	50.00219
92.936745	90	50.003319
92.972534	90	50.002663
93.008202	90	50.002121
93.045059	90	50.002838
93.081299	90	50.003937
93.11776	90	50.004303
93.152977	90	50.005447
93.188217	90	50.00592
93.222633	90	50.006004
93.256172	90	50.006149
93.288811	90	50.005157
93.321266	90	50.003403
93.352188	90	50.003326
93.381737	90	50.003075
93.410881	90	50.003403
93.438995	90	50.004318
93.466087	90	50.005905
93.492752	90	50.006165
93.520088	90	50.007271
93.546288	90	50.006966
93.572937	90	50.006615
93.598854	90	50.006004
93.626106	90	50.005089
93.654106	90	50.004875
93.683167	90	50.003532
93.710037	90	50.001625
93.736191	90	49.999855
93.761047	90	49.998573
93.785637	90	49.996368
93.810921	90	49.993698
93.83432	90	49.991959
93.855202	90	49.991661
93.8741	90	49.992775
93.893433	90	49.993065
93.910683	90	49.994926
93.927582	90	49.995445
93.944939	90	49.997391
93.962791	90	49.99823
93.97979	90	49.99926
93.996376	90	49.999825
94.011108	90	49.999435
94.026596	90	49.999283
94.043015	90	49.998817
94.057762	90	49.99865
94.069664	90	49.998428
94.081245	90	49.998039
94.092834	90	49.99733
94.1045	90	49.995949
94.116356	90	49.995178
94.128052	90	49.993912
94.13868	90	49.993568
94.148537	90	49.991356
94.157722	90	49.989647
94.166771	90	49.988251
94.175224	90	49.987793
94.182831	90	49.986237
94.18943	90	49.985481
94.19677	90	49.985664
94.202278	90	49.984856
94.20694	90	49.983345
94.211067	90	49.981987
94.2155	90	49.981682
94.219795	90	49.982811
94.223328	90	49.984413
94.225716	90	49.985146
94.229401	90	49.985497
94.232613	90	49.986916
94.234627	90	49.988235
94.237122	90	49.988487
94.240089	90	49.988281
94.240723	90	49.987083
94.241936	90	49.987213
94.242355	90	49.987389
94.242928	90	49.987457
94.243141	90	49.985756
94.244926	90	49.984726
94.245773	90	49.985733
94.244484	90	49.985909
94.242393	90	49.987793
94.239059	90	49.989983
94.23558	90	49.990952
94.231758	90	49.993492
94.228127	90	49.995728
94.223869	90	49.997765
94.22023	90	49.998985
94.215675	90	49.99929
94.210159	90	49.997513
94.203247	90	49.994583
94.19725	90	49.991142
94.190392	90	49.988953
94.185081	90	49.988914
94.179176	90	49.989647
94.174896	90	49.989349
94.170685	90	49.988716
94.164627	90	49.989845
94.159607	90	49.992508
94.155853	90	49.99334
94.15258	90	49.993591
94.148895	90	49.996429
94.143196	90	49.999138
94.137131	90	50.001305
94.130791	90	50.00264
94.12352	90	50.00341
94.115364	90	50.005417
94.10791	90	50.007057
94.100739	90	50.009125
94.093575	90	50.011703
94.08667	90	50.012108
94.078339	90	50.01178
94.070724	90	50.012009
94.062836	90	50.013412
94.05394	90	50.01368
94.046326	90	50.013443
94.038055	90	50.012451
94.028763	90	50.011665
94.018204	90	50.009689
94.006989	90	50.00898
93.997604	90	50.009109
93.987396	90	50.011353
93.978188	90	50.013016
93.968903	90	50.014244
93.959419	90	50.014374
93.950157	90	50.01368
93.940933	90	50.013474
93.93232	90	50.015221
93.923126	90	50.016853
93.914856	90	50.01696
93.9077	90	50.016296
93.900352	90	50.015625
93.892105	90	50.015076
93.883614	90	50.0158
93.874664	90	50.015991
93.865875	90	50.01516
93.857468	90	50.015068
93.850357	90	50.016235
93.843605	90	50.016556
93.835915	90	50.016418
93.829475	90	50.015633
93.823273	90	50.014954
93.815498	90	50.014969
93.808609	90	50.013901
93.802139	90	50.014336
93.792358	90	50.014549
93.783615	90	50.014877
93.776016	90	50.0158
93.768501	90	50.017105
93.760338	90	50.017517
93.751701	90	50.017166
93.743896	90	50.01606
93.735046	90	50.016281
93.726257	90	50.015976
93.717186	90	50.016197
93.709	90	50.016289
93.698891	90	50.016037
93.687767	90	50.016457
93.676529	90	50.01622
93.666016	90	50.015152
93.656105	90	50.014305
93.645805	90	50.014603
93.634605	90	50.01432
93.623428	90	50.012772
93.613525	90	50.011894
93.60479	90	50.011543
93.596443	90	50.011345
93.588623	90	50.010361
93.581886	90	50.00988
93.575394	90	50.009941
93.567497	90	50.008812
93.558853	90	50.008644
93.548782	90	50.008858
93.538628	90	50.009331
93.528366	90	50.008942
93.518433	90	50.007835
93.508812	90	50.007584
93.498566	90	50.00676
93.490097	90	50.005936
93.481499	90	50.00544
93.472702	90	50.005356
93.462975	90	50.005959
93.453865	90	50.006104
93.444038	90	50.005341
93.434891	90	50.004044
93.426956	90	50.0047
93.418648	90	50.006248
93.410507	90	50.004448
93.402031	90	50.002121
93.391243	90	49.999695
93.37957	90	49.996277
93.367523	90	49.992378
93.35804	90	49.990463
93.349068	90	49.989388
93.340515	90	49.988205
93.332863	90	49.987175
93.324448	90	49.986038
93.314125	90	49.985428
93.302208	90	49.985558
93.291359	90	49.985321
93.279594	90	49.98494
93.269524	90	49.985298
93.259361	90	49.986458
93.249649	90	49.986168
93.238632	90	49.986473
93.227242	90	49.988708
93.216019	90	49.990311
93.205544	90	49.991104
93.195808	90	49.991302
93.18576	90	49.990494
93.177429	90	49.988976
93.167099	90	49.988045
93.157616	90	49.987915
93.147552	90	49.987549
93.136559	90	49.986992
93.125122	90	49.986732
93.114861	90	49.986313
93.104149	90	49.986168
93.09391	90	49.987137
93.082718	90	49.987694
93.071815	90	49.988266
93.060516	90	49.988708
93.049789	90	49.988579
93.039024	90	49.987526
93.029449	90	49.987083
93.017967	90	49.985786
93.006828	90	49.98584
92.994881	90	49.987053
92.984413	90	49.988335
92.974129	90	49.989326
92.964439	90	49.990936
92.954468	90	49.993507
92.944336	90	49.996368
92.935349	90	49.998894
92.926193	90	50.000954
92.916451	90	50.001518
92.905167	90	50.00341
92.894279	90	50.005974
92.882813	90	50.007332
92.872742	90	50.008224
92.862099	90	50.008446
92.851852	90	50.007179
92.841949	90	50.006104
92.831635	90	50.006538
92.821548	90	50.007133
92.811546	90	50.008987
92.801956	90	50.010017
92.790337	90	50.010338
92.779182	90	50.011337
92.768257	90	50.011971
92.758224	90	50.011772
92.747528	90	50.012802
92.737602	90	50.015121
92.72847	90	50.017189
92.720428	90	50.019379
92.712563	90	50.019539
92.703262	90	50.01915
92.693916	90	50.017258
92.68396	90	50.016327
92.675041	90	50.014412
92.664902	90	50.013855
92.6549	90	50.013535
92.644264	90	50.012955
92.634972	90	50.013138
92.625427	90	50.014885
92.616165	90	50.015106
92.606949	90	50.013748
92.599968	90	50.013
92.593903	90	50.012924
92.585564	90	50.013794
92.575142	90	50.015968
92.565193	90	50.018227
92.554901	90	50.019676
92.544785	90	50.020996
92.537361	90	50.021706
92.530487	90	50.021408
92.524902	90	50.021744
92.519188	90	50.021545
92.513626	90	50.020996
92.508087	90	50.021271
92.500282	90	50.021309
92.491501	90	50.021912
92.482597	90	50.022636
92.473221	90	50.02417
92.463333	90	50.024597
92.452667	90	50.024155
92.443222	90	50.024292
92.433853	90	50.023315
92.426064	90	50.02401
92.421043	90	50.024902
92.417229	90	50.026085
92.411804	90	50.026321
92.405228	90	50.027092
92.400375	90	50.027588
92.39621	90	50.026894
92.39196	90	50.026321
92.386742	90	50.025185
92.380348	90	50.022942
92.373878	90	50.020523
92.368706	90	50.018417
92.362236	90	50.015221
92.355507	90	50.012711
92.349281	90	50.01017
92.343117	90	50.00827
92.336479	90	50.007622
92.328621	90	50.006943
92.319847	90	50.006081
92.309464	90	50.004654
92.301437	90	50.001785
92.294281	90	49.998436
92.287003	90	49.994812
92.281181	90	49.992241
92.276375	90	49.990784
92.270905	90	49.989677
92.266769	90	49.98941
92.262436	90	49.988632
92.25724	90	49.987938
92.251572	90	49.986313
92.246269	90	49.9841
92.239777	90	49.980766
92.232475	90	49.979294
92.226311	90	49.979286
92.219536	90	49.979256
92.212234	90	49.979286
92.205185	90	49.98127
92.199188	90	49.984108
92.192665	90	49.985985
92.185066	90	49.986023
92.178055	90	49.985649
92.171051	90	49.98558
92.162819	90	49.985786
92.154053	90	49.986092
92.144882	90	49.987068
92.136101	90	49.985321
92.127563	90	49.982651
92.118629	90	49.979057
92.109718	90	49.975723
92.099869	90	49.972466
92.091644	90	49.969383
92.08445	90	49.96656
92.077942	90	49.965363
92.071518	90	49.966324
92.064369	90	49.96521
92.05732	90	49.965317
92.049278	90	49.966003
92.041122	90	49.967598
92.034477	90	49.968559
92.028076	90	49.96962
92.020836	90	49.970879
92.012245	90	49.973495
92.003021	90	49.977974
91.992531	90	49.980881
91.981644	90	49.981941
91.972534	90	49.983864
91.96563	90	49.983803
91.958794	90	49.983406
91.951591	90	49.981613
91.944359	90	49.980408
91.937965	90	49.980095
91.932632	90	49.977882
91.92614	90	49.976059
91.921349	90	49.974899
91.915665	90	49.975044
91.90937	90	49.975166
91.903847	90	49.976097
91.896835	90	49.976547
91.889206	90	49.977898
91.880432	90	49.979294
91.871613	90	49.979187
91.863258	90	49.978806
91.854462	90	49.97905
91.845558	90	49.980995
91.837791	90	49.982986
91.830261	90	49.984474
91.822777	90	49.986832
91.815521	90	49.989235
91.808365	90	49.991936
91.801216	90	49.993248
91.793945	90	49.993683
91.787346	90	49.996117
91.78154	90	49.997581
91.775719	90	50.000282
91.769409	90	50.004524
91.763046	90	50.007317
91.757065	90	50.009605
91.751297	90	50.010948
91.745247	90	50.011345
91.738747	90	50.012497
91.730621	90	50.015343
91.721077	90	50.019295
91.712112	90	50.020958
91.704552	90	50.021454
91.698792	90	50.02298
91.694115	90	50.025818
91.690651	90	50.028069
91.686447	90	50.02887
91.681725	90	50.030342
91.67646	90	50.03112
91.670113	90	50.031166
91.66291	90	50.031837
91.655685	90	50.033775
91.648491	90	50.034561
91.642548	90	50.034584
91.635498	90	50.034554
91.626114	90	50.033867
91.617615	90	50.033516
91.611053	90	50.032669
91.607628	90	50.031746
91.604866	90	50.031845
91.601578	90	50.033005
91.597755	90	50.033867
91.591728	90	50.034271
91.586739	90	50.0355
91.580025	90	50.035233
91.573586	90	50.035767
91.566719	90	50.036095
91.560318	90	50.03524
91.553871	90	50.035248
91.548111	90	50.036133
91.542984	90	50.036125
91.538055	90	50.034317
91.531792	90	50.032791
91.526207	90	50.031273
91.522446	90	50.030334
91.51815	90	50.031685
91.512856	90	50.032166
91.507217	90	50.031494
91.501984	90	50.029617
91.495712	90	50.026367
91.488937	90	50.023247
91.483803	90	50.020744
91.480179	90	50.01931
91.477051	90	50.02005
91.47438	90	50.020103
91.471985	90	50.021561
91.468925	90	50.021454
91.465958	90	50.021477
91.460686	90	50.019951
91.456749	90	50.018913
91.453941	90	50.017708
91.452759	90	50.018532
91.450371	90	50.01783
91.446724	90	50.01667
91.441391	90	50.015472
91.436081	90	50.014168
91.430481	90	50.011963
91.424355	90	50.009117
91.419113	90	50.007179
91.413841	90	50.006241
91.40863	90	50.003418
91.405731	90	50.001877
91.401085	90	50.001251
91.396935	90	49.999664
91.39344	90	49.998116
91.391396	90	49.996361
91.388443	90	49.995277
91.385559	90	49.996773
91.383331	90	49.996399
91.381989	90	49.994469
91.379868	90	49.991539
91.37767	90	49.989204
91.374763	90	49.98745
91.371124	90	49.985283
91.365791	90	49.984253
91.359192	90	49.982262
91.353615	90	49.98185
91.34874	90	49.980865
91.343811	90	49.981422
91.339264	90	49.98214
91.333176	90	49.982796
91.325996	90	49.982323
91.319717	90	49.981636
91.315201	90	49.979591
91.31176	90	49.976997
91.307701	90	49.975998
91.303246	90	49.975372
91.297462	90	49.975227
91.293282	90	49.97657
91.287766	90	49.976898
91.281883	90	49.977028
91.27655	90	49.97731
91.272194	90	49.977409
91.26786	90	49.977501
91.263535	90	49.977966
91.260117	90	49.977982
91.256935	90	49.977463
91.252968	90	49.976265
91.249481	90	49.975578
91.245483	90	49.974449
91.24157	90	49.973953
91.238388	90	49.976204
91.235146	90	49.978607
91.230827	90	49.982674
91.226799	90	49.985252
91.223099	90	49.987038
91.218651	90	49.987953
91.212967	90	49.987999
91.207336	90	49.988159
91.201454	90	49.988106
91.194427	90	49.987915
91.186707	90	49.988174
91.179871	90	49.987076
91.173698	90	49.987015
91.167953	90	49.988144
91.162231	90	49.989243
91.156013	90	49.990807
91.152092	90	49.99147
91.149307	90	49.993706
91.14698	90	49.994217
91.144104	90	49.995728
91.139725	90	49.996208
91.134697	90	49.997299
91.129494	90	49.998199
91.123199	90	49.998283
91.118286	90	49.997551
91.112053	90	49.997101
91.105782	90	49.996536
91.101196	90	49.997002
91.097084	90	49.998016
91.093346	90	49.998238
91.090096	90	49.998627
91.087624	90	49.998917
91.08445	90	49.999672
91.080986	90	50.000183
91.076302	90	50.001869
91.070938	90	50.002869
91.065361	90	50.00473
91.058891	90	50.00621
91.052704	90	50.006638
91.048965	90	50.007607
91.043289	90	50.008766
91.037964	90	50.010399
91.033058	90	50.013206
91.027481	90	50.014977
91.0233	90	50.017975
91.019699	90	50.020142
91.015022	90	50.021469
91.011345	90	50.022163
91.006607	90	50.021439
91.002411	90	50.021523
90.999771	90	50.022125
90.996368	90	50.021912
90.993683	90	50.022171
90.991081	90	50.023491
90.987808	90	50.025475
90.984047	90	50.02681
90.978477	90	50.027298
90.972023	90	50.028084
90.965256	90	50.0289
90.960831	90	50.030548
90.959755	90	50.029823
90.959473	90	50.029099
90.956825	90	50.027641
90.953072	90	50.026466
90.949654	90	50.026611
90.945702	90	50.027168
90.941811	90	50.028107
90.937645	90	50.028458
90.933945	90	50.028786
90.929642	90	50.029526
90.926506	90	50.029617
90.922836	90	50.02935
90.918579	90	50.028587
90.913902	90	50.029251
90.91011	90	50.029282
90.905975	90	50.027977
90.902992	90	50.025017
90.901161	90	50.020287
90.898895	90	50.017128
90.896111	90	50.014061
90.893082	90	50.01104
90.891563	90	50.009201
90.889877	90	50.006866
90.887909	90	50.006348
90.885391	90	50.007095
90.882866	90	50.007393
90.879501	90	50.008072
90.876244	90	50.007332
90.872681	90	50.005646
90.869675	90	50.003647
90.866867	90	50.002655
90.863846	90	50.001823
90.860909	90	50.001495
90.85894	90	50.002113
90.856064	90	50.000938
90.853188	90	49.999413
90.850845	90	49.997849
90.847664	90	49.997063
90.844292	90	49.995193
90.841232	90	49.99279
90.838867	90	49.990685
90.83754	90	49.987679
90.836861	90	49.984039
90.836365	90	49.980621
90.834099	90	49.977646
90.834068	90	49.9767
90.833084	90	49.976761
90.831413	90	49.975914
90.828186	90	49.971619
90.823158	90	49.967575
90.81881	90	49.965256
90.815102	90	49.964493
90.810539	90	49.964592
90.806671	90	49.966309
90.803688	90	49.966774
90.803078	90	49.967293
90.802483	90	49.968315
90.800766	90	49.969666
90.798431	90	49.970123
90.796761	90	49.969124
90.795876	90	49.969299
90.795807	90	49.969971
90.794266	90	49.971138
90.792137	90	49.970802
90.789795	90	49.969299
90.788094	90	49.968407
90.785088	90	49.968689
90.781883	90	49.970055
90.779472	90	49.972412
90.776741	90	49.973724
90.773285	90	49.974586
90.770576	90	49.974602
90.769066	90	49.974129
90.767792	90	49.971466
90.765816	90	49.968536
90.763069	90	49.965614
90.75946	90	49.964325
90.75602	90	49.964783
90.753021	90	49.964699
90.750778	90	49.964188
90.748642	90	49.965179
90.745903	90	49.967468
90.742188	90	49.968536
90.738441	90	49.969452
90.73584	90	49.970749
90.732964	90	49.973755
90.730644	90	49.976433
90.726906	90	49.977707
90.723061	90	49.977478
90.719994	90	49.979042
90.71804	90	49.979904
90.71582	90	49.981041
90.712807	90	49.982368
90.709015	90	49.984375
90.706261	90	49.987289
90.704559	90	49.988945
90.703133	90	49.98941
90.700699	90	49.989792
90.69796	90	49.990761
90.694847	90	49.994087
90.69001	90	49.996643
90.68483	90	49.998337
90.681274	90	49.998741
90.678055	90	49.999847
90.676102	90	50.001106
90.6735	90	50.001816
90.672035	90	50.003708
90.669991	90	50.005173
90.66777	90	50.00396
90.665283	90	50.002464
90.661713	90	50.001297
90.657631	90	50.000656
90.653801	90	50.001381
90.652306	90	50.005417
90.651489	90	50.008575
90.65078	90	50.011246
90.649017	90	50.015045
90.645103	90	50.017326
90.643227	90	50.019264
90.642769	90	50.021469
90.64061	90	50.02285
90.637566	90	50.024452
90.633995	90	50.025246
90.630302	90	50.026009
90.626358	90	50.027115
90.622002	90	50.026222
90.617317	90	50.026367
90.612144	90	50.025909
90.607643	90	50.025276
90.604485	90	50.023384
90.599854	90	50.021408
90.596458	90	50.0224
90.593575	90	50.02169
90.59111	90	50.020538
90.589088	90	50.019501
90.586197	90	50.020889
90.583427	90	50.021614
90.580917	90	50.020233
90.579079	90	50.019104
90.576378	90	50.01757
90.573624	90	50.016281
90.56942	90	50.016022
90.565079	90	50.017235
90.563156	90	50.01931
90.560333	90	50.020508
90.555984	90	50.022125
90.552872	90	50.022354
90.550568	90	50.022453
90.547928	90	50.022171
90.545135	90	50.021461
90.542023	90	50.020325
90.539093	90	50.018814
90.53688	90	50.017967
90.533531	90	50.017662
90.529533	90	50.018562
90.526527	90	50.019974
90.524239	90	50.021507
90.522423	90	50.023865
90.521095	90	50.026321
90.52034	90	50.027908
90.519745	90	50.027977
90.517883	90	50.027649
90.517555	90	50.024689
90.516136	90	50.021057
90.515129	90	50.017792
90.514954	90	50.014931
90.515579	90	50.013283
90.515709	90	50.013031
90.516197	90	50.01165
90.516083	90	50.010292
90.517311	90	50.008575
90.51783	90	50.007607
90.518333	90	50.004616
90.517883	90	50.001198
90.517174	90	49.998795
90.515724	90	49.996864
90.515228	90	49.995819
90.5149	90	49.99498
90.514099	90	49.994621
90.510406	90	49.99575
90.50914	90	49.997147
90.507889	90	49.998253
90.507187	90	49.999176
90.504768	90	49.999054
90.501648	90	49.996964
90.498924	90	49.993866
90.496658	90	49.990234
90.494194	90	49.987778
90.492455	90	49.984497
90.49044	90	49.981499
90.489586	90	49.979752
90.488441	90	49.979454
90.486839	90	49.978683
90.486366	90	49.978081
90.484955	90	49.978432
90.48349	90	49.979607
90.483452	90	49.980568
90.48407	90	49.97908
90.483856	90	49.977547
90.482101	90	49.976563
90.48172	90	49.976517
90.482002	90	49.978119
90.480522	90	49.978355
90.480858	90	49.979118
90.480843	90	49.981598
90.482101	90	49.983521
90.480858	90	49.983414
90.479065	90	49.983925
90.476006	90	49.983414
90.472771	90	49.982635
90.468857	90	49.982811
90.466141	90	49.983299
90.464096	90	49.985138
90.462318	90	49.985336
90.46109	90	49.986214
90.459969	90	49.987885
90.458542	90	49.988617
90.457855	90	49.986816
90.45636	90	49.985092
90.453384	90	49.98468
90.450111	90	49.984726
90.447784	90	49.983849
90.446442	90	49.982361
90.44545	90	49.981445
90.444862	90	49.981667
90.441414	90	49.983498
90.437248	90	49.984283
90.433899	90	49.984215
90.431282	90	49.982834
90.429649	90	49.982376
90.428886	90	49.983192
90.427719	90	49.985222
90.426155	90	49.986931
90.424004	90	49.987816
90.420586	90	49.991158
90.418335	90	49.994408
90.416466	90	49.998512
90.415543	90	50.001457
90.415375	90	50.00399
90.414558	90	50.006668
90.412819	90	50.010284
90.409477	90	50.01181
90.406639	90	50.013367
90.404503	90	50.014229
90.401924	90	50.014069
90.399757	90	50.013184
90.39653	90	50.013519
90.391884	90	50.015244
90.389771	90	50.015518
90.387283	90	50.015358
90.387321	90	50.015198
90.386917	90	50.015854
90.386368	90	50.016647
90.383675	90	50.017593
90.380844	90	50.018295
90.376976	90	50.018921
90.374374	90	50.019264
90.372498	90	50.020157
90.37188	90	50.020943
90.370842	90	50.021927
90.369041	90	50.022049
90.366791	90	50.020905
90.364555	90	50.019249
90.361847	90	50.018394
90.357475	90	50.018036
90.352364	90	50.016418
90.349113	90	50.014633
90.346039	90	50.013847
90.345024	90	50.013588
90.342667	90	50.012184
90.341805	90	50.0121
90.340408	90	50.012863
90.338539	90	50.013603
90.337578	90	50.014244
90.336082	90	50.014534
90.334663	90	50.015686
90.332664	90	50.017105
90.331879	90	50.020287
90.332176	90	50.021202
90.333176	90	50.021614
90.33271	90	50.021805
90.331223	90	50.021584
90.328049	90	50.021263
90.325516	90	50.018929
90.323013	90	50.016159
90.321907	90	50.01252
90.320946	90	50.010498
90.320404	90	50.00779
90.320366	90	50.006218
90.319038	90	50.00473
90.316528	90	50.002968
90.315155	90	50.002274
90.314926	90	50.001266
90.315964	90	50.000313
90.317642	90	49.99865
90.316383	90	49.999031
90.31308	90	50.001251
90.309586	90	50.002945
90.307442	90	50.005432
90.304024	90	50.007042
90.301743	90	50.007538
90.298355	90	50.006691
90.296188	90	50.005447
90.295265	90	50.004166
90.294205	90	50.002007
90.294273	90	50.000488
90.295578	90	49.999146
90.297813	90	49.998749
90.297485	90	49.996208
90.298027	90	49.993309
90.298523	90	49.990776
90.296867	90	49.987839
90.294617	90	49.987953
90.291176	90	49.987221
90.288445	90	49.9869
90.286591	90	49.985321
90.285561	90	49.983528
90.285446	90	49.982796
90.286766	90	49.981926
90.287109	90	49.98233
90.2873	90	49.983856
90.288406	90	49.985435
90.290154	90	49.987022
90.290382	90	49.988586
90.289726	90	49.991173
90.287895	90	49.99189
90.289421	90	49.992149
90.29071	90	49.990944
90.291122	90	49.990425
90.291161	90	49.990593
90.290436	90	49.990105
90.288956	90	49.98951
90.288628	90	49.989716
90.289177	90	49.990189
90.289528	90	49.990784
90.290031	90	49.991493
90.28952	90	49.991379
90.288254	90	49.991089
90.288414	90	49.991257
90.288414	90	49.99057
90.288513	90	49.989471
90.289909	90	49.986877
90.291313	90	49.986992
90.290245	90	49.988708
90.287918	90	49.990166
90.285011	90	49.991356
90.28363	90	49.991119
90.283478	90	49.991547
90.283585	90	49.991341
90.283325	90	49.991798
90.283455	90	49.993393
90.282661	90	49.995018
90.281296	90	49.996506
90.280022	90	49.997543
90.278732	90	49.997711
90.279022	90	49.996979
90.279953	90	49.995049
90.280663	90	49.994316
90.281128	90	49.99321
90.282021	90	49.992966
90.283844	90	49.994347
90.28418	90	49.996498
90.284065	90	49.996933
90.282379	90	49.995689
90.281052	90	49.994804
90.278694	90	49.993912
90.27562	90	49.991455
90.271812	90	49.989281
90.269455	90	49.988518
90.266563	90	49.987869
90.263779	90	49.987343
90.262566	90	49.987389
90.260483	90	49.988968
90.258018	90	49.990082
90.257156	90	49.989418
90.256599	90	49.988586
90.256615	90	49.989624
90.257004	90	49.991875
90.256035	90	49.994102
90.255028	90	49.997108
90.254295	90	50.000107
90.254189	90	50.001617
90.251678	90	50.002136
90.249138	90	50.003479
90.246956	90	50.004158
90.245071	90	50.004913
90.242943	90	50.004776
90.240433	90	50.005363
90.238617	90	50.005768
90.236359	90	50.005745
90.233276	90	50.005959
90.230637	90	50.006607
90.226723	90	50.008171
90.224602	90	50.009468
90.223381	90	50.009285
90.222466	90	50.009094
90.222351	90	50.009933
90.222237	90	50.009628
90.221916	90	50.009506
90.220917	90	50.010483
90.220322	90	50.011185
90.219475	90	50.012901
90.218216	90	50.015022
90.21627	90	50.016182
90.21405	90	50.017456
90.211166	90	50.018646
90.209175	90	50.019264
90.207169	90	50.019203
90.206001	90	50.019302
90.205162	90	50.019951
90.204117	90	50.019173
90.203766	90	50.015808
90.203026	90	50.013428
90.202293	90	50.011772
90.200096	90	50.010719
90.198135	90	50.009636
90.195511	90	50.00898
90.19178	90	50.007347
90.188736	90	50.004219
90.18586	90	50.001755
90.182938	90	50.00106
90.17923	90	50.00087
90.17659	90	50.001755
90.173653	90	50.004807
90.17276	90	50.007851
90.172592	90	50.009773
90.172249	90	50.01104
90.171814	90	50.011604
90.171104	90	50.012833
90.169876	90	50.013031
90.169502	90	50.013405
90.169754	90	50.013901
90.1689	90	50.013725
90.169716	90	50.013351
90.169586	90	50.011574
90.168839	90	50.010048
90.168983	90	50.009422
90.167923	90	50.008705
90.167824	90	50.00663
90.167145	90	50.005165
90.167786	90	50.004128
90.167282	90	50.002144
90.167725	90	50.000549
90.169014	90	50.001236
90.169571	90	50.001488
90.170265	90	50.001686
90.170334	90	50.001633
90.169777	90	50.001274
90.168266	90	50.002472
90.166649	90	50.003471
90.165489	90	50.003548
90.165077	90	50.003677
90.163773	90	50.00367
90.163567	90	50.004234
90.164108	90	50.002869
90.164551	90	50.002464
90.165398	90	50.002747
90.167068	90	50.003609
90.169174	90	50.004112
90.16983	90	50.004738
90.169479	90	50.00341
90.169022	90	50.002144
90.169228	90	50.000893
90.170876	90	49.998375
90.172165	90	49.996864
90.172943	90	49.996582
90.1735	90	49.996925
90.171471	90	49.998001
90.170784	90	49.998146
90.171089	90	49.999748
90.170433	90	49.999825
90.171509	90	50.00016
90.170921	90	50.000961
90.171104	90	50.002495
90.171555	90	50.003311
90.171982	90	50.003883
90.17218	90	50.003479
90.170952	90	50.003387
90.169617	90	50.003334
90.16983	90	50.001526
90.171043	90	49.998566
90.172058	90	49.995712
90.173248	90	49.993607
90.173279	90	49.990364
90.172035	90	49.988373
90.169807	90	49.988213
90.168266	90	49.989197
90.166161	90	49.989792
90.164864	90	49.990471
90.167336	90	49.990234
90.168724	90	49.989815
90.168938	90	49.989586
90.17025	90	49.988846
90.173126	90	49.988922
90.174751	90	49.98941
90.17675	90	49.990822
90.178337	90	49.990433
90.178795	90	49.988899
90.177979	90	49.987701
90.175812	90	49.9879
90.173508	90	49.989235
90.170738	90	49.989716
90.168633	90	49.990509
90.167023	90	49.99144
90.164543	90	49.994331
90.162949	90	49.995705
90.160423	90	49.996101
90.158379	90	49.994293
90.157204	90	49.993385
90.1558	90	49.991646
90.154739	90	49.991539
90.1539	90	49.992119
90.153557	90	49.990898
90.15081	90	49.990181
90.148232	90	49.991066
90.146492	90	49.991043
90.146141	90	49.990257
90.146828	90	49.988815
90.148544	90	49.987411
90.150261	90	49.986969
90.151718	90	49.988815
90.153343	90	49.989578
90.153908	90	49.989983
90.15255	90	49.98996
90.152672	90	49.991249
90.152245	90	49.992851
90.151718	90	49.994423
90.15094	90	49.993904
90.149712	90	49.992538
90.148598	90	49.992012
90.147346	90	49.991348
90.145485	90	49.993134
90.144119	90	49.995773
90.143723	90	49.999237
90.143776	90	50.001251
90.142433	90	50.003426
90.138901	90	50.00544
90.135048	90	50.006874
90.131241	90	50.008415
90.12722	90	50.008232
90.12442	90	50.007156
90.120796	90	50.004028
90.115524	90	50.001205
90.111176	90	50.000389
90.108704	90	49.999031
90.108116	90	49.998657
90.10804	90	49.997818
90.107315	90	49.997307
90.10701	90	49.999168
90.106522	90	50.001236
90.106354	90	50.003983
90.106453	90	50.006348
90.107597	90	50.007774
90.108147	90	50.008415
90.10791	90	50.009567
90.107414	90	50.010292
90.105782	90	50.009819
90.10495	90	50.008415
90.105385	90	50.007042
90.105286	90	50.006165
90.103516	90	50.004982
90.100929	90	50.004898
90.098633	90	50.005219
90.098106	90	50.004662
90.098549	90	50.002319
90.096962	90	50.000198
90.095062	90	49.999718
90.095314	90	50.000671
90.096931	90	49.999184
90.098328	90	49.998238
90.100235	90	49.998001
90.102432	90	49.999504
90.104263	90	50.00058
90.10482	90	50.00193
90.105957	90	50.00296
90.105362	90	50.002991
90.105133	90	50.002541
90.105072	90	50.002869
90.104301	90	50.004318
90.103317	90	50.00544
90.102493	90	50.005264
90.10054	90	50.00489
90.098175	90	50.004219
90.096733	90	50.003746
90.096718	90	50.0028
