[Graph\ Configuration]
Version=1
NrCurves=3
FFTNrCurves=0
Title=
XAxisLabel=Time / s
YAxisLabel=Current Position of axis1
Y2AxisLabel=Current Position of axis3
SameScaleXY=0
XAxisLinear=1
YAxisLinear=1
FFT=0
[Graph\ Configuration/Curve1]
CustomName=Current Position of axis1
XSliceArray=Current Position of axis1
XSliceName=Time
YSliceArray=Current Position of axis1
YSliceName=Current Position of axis1
[Graph\ Configuration/Curve1/style]
ColorRed=33
ColorGreen=67
ColorBlue=163
SolidPoint=1
LineType=100
PointSymbol=0
Width=2
Shown=1
Identify=1
Y2Axis=0
[Graph\ Configuration/Curve2]
CustomName=Target Position of axis1
XSliceArray=Current Position of axis1
XSliceName=Time
YSliceArray=Current Position of axis1
YSliceName=Target Position of axis1
[Graph\ Configuration/Curve2/style]
ColorRed=255
ColorGreen=154
ColorBlue=79
SolidPoint=1
LineType=100
PointSymbol=0
Width=2
Shown=1
Identify=1
Y2Axis=0
[Graph\ Configuration/Curve3]
CustomName=Current Position of axis3
XSliceArray=Current Position of axis1
XSliceName=Time
YSliceArray=Current Position of axis1
YSliceName=Current Position of axis3
[Graph\ Configuration/Curve3/style]
ColorRed=226
ColorGreen=0
ColorBlue=121
SolidPoint=1
LineType=100
PointSymbol=0
Width=2
Shown=1
Identify=1
Y2Axis=1
[GCS_ARRAY Current Position of axis1]
# VERSION = 1
# TYPE = 1
# SEPARATOR = 9
# DIM = 3
# SAMPLE_TIME = 5e-005
# NDATA = 3000
#
# NAME0 = Current Position of axis1
# NAME1 = Target Position of axis1
# NAME2 = Current Position of axis3
#
# END_HEADER
0.007318	0	50.006729
0.007191	0	50.007149
0.006681	0	50.00621
0.005255	0	50.005211
0.00395	0	50.004303
0.00411	0	50.003296
0.004908	0	50.002335
0.004862	0	50.002953
0.004803	0	50.002419
0.004454	0	50.000671
0.005991	0	49.999763
0.006439	0	49.999519
0.005827	0	49.999428
0.007305	0	50.000221
0.007967	0	50.001015
0.008543	0	50.002342
0.009386	0	50.00322
0.010189	0	50.004379
0.011824	0	50.00457
0.013929	0	50.004845
0.015125	0	50.005829
0.015116	0	50.006927
0.014832	0	50.008423
0.015211	0	50.008575
0.015354	0	50.008133
0.013203	0	50.00666
0.011164	0	50.00528
0.008314	0	50.00489
0.005726	0	50.00531
0.004038	0	50.005028
0.002899	0	50.003571
0.002529	0	50.002045
0.003576	0	50.001221
0.003983	0	50.000534
0.004179	0	49.999168
0.005575	0	49.99707
0.007584	0	49.99736
0.008556	0	49.9991
0.007702	0	50.000793
0.004848	0	50.001709
0.001125	0	50.002304
-0.001587	0	50.00251
-0.001812	0	50.002686
-0.001446	0	50.002106
-0.002146	0	50.000969
-0.002451	0	50.000938
-0.003372	0	50.001297
-0.004053	0	50.002327
-0.005379	0	50.003601
-0.0075	0	50.003876
-0.007658	0	50.005577
-0.007927	0	50.006401
-0.008045	0	50.008469
-0.006376	0	50.009834
-0.005402	0	50.010017
-0.004427	0	50.008751
-0.003746	0	50.004852
-0.0037	0	50.002762
-0.004217	0	50.003189
-0.003412	0	50.003799
-0.002323	0	50.00351
-0.00141	0	50.002113
0.000347	0	50.000755
0.001495	0	50.001389
0.003586	0	50.00148
0.00379	0	49.999077
0.003632	0	49.996872
0.002922	0	49.997047
0.002003	0	49.998291
0.001902	0	49.99839
0.0016	0	49.997818
0.001495	0	49.996964
0.002964	0	49.994469
0.00457	0	49.992355
0.007195	0	49.989983
0.009743	0	49.987602
0.011053	0	49.987061
0.010418	0	49.986336
0.009396	0	49.986755
0.008278	0	49.987556
0.007757	0	49.988358
0.007418	0	49.989082
0.007826	0	49.989418
0.007175	0	49.988564
0.006557	0	49.989067
0.005117	0	49.99057
0.003471	0	49.99305
0.001902	0	49.995125
0.001837	0	49.996887
0.003141	0	49.999649
0.002247	0	50.00219
0.000256	0	50.003761
-0.000269	0	50.004112
-5.9e-005	0	50.003838
0.000772	0	50.003487
0.002003	0	50.0037
0.003206	0	50.003372
0.003649	0	50.002197
0.005003	0	50.001457
0.006727	0	49.999847
0.008493	0	49.999214
0.008978	0	49.998657
0.009274	0	49.999268
0.008804	0	49.998291
0.007473	0	49.997734
0.007858	0	49.997581
0.007309	0	49.99736
0.007519	0	49.996338
0.008516	0	49.994606
0.008055	0	49.991608
0.007221	0	49.98877
0.0068	0	49.985672
0.006083	0	49.985863
0.006905	0	49.986771
0.007578	0	49.988716
0.006433	0	49.991234
0.004597	0	49.993744
0.001961	0	49.994995
0.002598	0	49.996368
0.002666	0	49.996872
0.002726	0	49.997375
0.002466	0	49.99752
0.003328	0	49.995445
0.003969	0	49.993004
0.004662	0	49.991547
0.006138	0	49.990234
0.00832	0	49.989571
0.007725	0	49.989388
0.005474	0	49.990219
0.003073	0	49.990875
0.000877	0	49.990227
-0.002625	0	49.989563
-0.004387	0	49.98967
-0.00773	0	49.992104
-0.010181	0	49.995499
-0.011988	0	49.998833
-0.013739	0	50.000648
-0.014141	0	50.000221
-0.013401	0	49.99984
-0.013407	0	49.999741
-0.011232	0	49.999741
-0.009449	0	49.998627
-0.006939	0	49.997162
-0.005411	0	49.996101
-0.002493	0	49.995583
-0.001743	0	49.995491
-0.00108	0	49.996323
-0.001541	0	49.998238
-0.001436	0	49.999008
-0.000751	0	49.999939
0.000452	0	50.000549
-0.000412	0	50.000832
-0.002035	0	50.001976
-0.00338	0	50.002609
-0.003687	0	50.002754
-0.005068	0	50.003006
-0.006779	0	50.003563
-0.006613	0	50.002968
-0.00597	0	50.001724
-0.006559	0	50.001297
-0.007189	0	50.001953
-0.007671	0	50.001945
-0.00709	0	50.002068
-0.004934	0	50.000954
-0.003138	0	49.999382
-0.001839	0	49.99733
2.3e-005	0	49.996063
0.001797	0	49.994385
0.003658	0	49.993141
0.004999	0	49.994392
0.006485	0	49.995064
0.007011	0	49.994957
0.006577	0	49.996033
0.006636	0	49.995331
0.007139	0	49.995277
0.006737	0	49.994614
0.006266	0	49.992363
0.006668	0	49.991814
0.00584	0	49.993675
0.006971	0	49.995255
0.008141	0	49.995148
0.00643	0	49.994102
0.004513	0	49.993492
0.001791	0	49.992905
-0.000866	0	49.992729
-0.002666	0	49.993523
-0.002523	0	49.996986
-0.002888	0	50.000015
-0.002964	0	50.002151
-0.003834	0	50.003517
-0.006897	0	50.0047
-0.010008	0	50.004181
-0.011772	0	50.004089
-0.012125	0	50.004868
-0.012825	0	50.005341
-0.013758	0	50.004494
-0.013149	0	50.003998
-0.010584	0	50.003769
-0.007221	0	50.003502
-0.004606	0	50.003288
-0.00281	0	50.003677
-0.002039	0	50.002792
-0.003651	0	50.002754
-0.003025	0	50.002289
-0.001089	0	50.003288
0.000265	0	50.004929
0.000343	0	50.007431
0.000429	0	50.006485
-0.000252	0	50.005066
-0.001093	0	50.002953
-0.001112	0	50.002151
-0.000755	0	50.002144
-0.000458	0	50.001526
0.000242	0	50.002434
0.001358	0	50.002296
0.000959	0	50.000237
0.000566	0	49.999352
0.001345	0	49.998711
0.001503	0	49.998764
0.00128	0	49.999512
0.001064	0	49.99852
0.001997	0	49.997246
0.002457	0	49.996468
0.002214	0	49.995804
0.001633	0	49.994743
-9.5e-005	0	49.993141
-0.00198	0	49.991402
-0.003222	0	49.989769
-0.004349	0	49.989655
-0.004839	0	49.989944
-0.003441	0	49.99041
-0.002872	0	49.991035
-0.001678	0	49.99205
0.000219	0	49.992714
0.001724	0	49.993141
0.002228	0	49.993378
0.002542	0	49.995178
0.002598	0	49.998184
0.001623	0	50.00013
0.000671	0	50.000641
-0.000938	0	50.000206
-0.001963	0	50.00016
-0.003321	0	49.999832
-0.002773	0	49.999565
-0.002741	0	49.999832
-0.002048	0	49.999985
-0.001842	0	49.999619
-0.001564	0	49.998947
-0.000359	0	49.999832
0.001139	0	49.999641
0.002274	0	49.999474
0.001221	0	49.999847
0.000347	0	49.999947
0.000334	0	50.000473
0.000704	0	49.999741
0.002039	0	49.999428
0.0023	0	49.99852
0.001852	0	49.997345
0.000603	0	49.996956
-0.001661	0	49.997147
-0.002218	0	49.99749
-0.001766	0	49.996262
-0.000177	0	49.994972
0.000877	0	49.995995
0.00337	0	49.998604
0.00552	0	50.000122
0.00745	0	50.001884
0.008606	0	50.002815
0.00868	0	50.004349
0.006882	0	50.005585
0.004761	0	50.00695
0.001041	0	50.00676
-0.002754	0	50.004868
-0.005915	0	50.00338
-0.008617	0	50.002434
-0.010685	0	50.000931
-0.012276	0	50.000542
-0.01272	0	50.000488
-0.013054	0	50.001335
-0.014648	0	50.000229
-0.01453	0	50.000626
-0.012733	0	50.000374
-0.011791	0	49.998245
-0.011078	0	49.997185
-0.008883	0	49.99791
-0.006674	0	49.998917
-0.004793	0	50.000031
-0.001341	0	50.000839
0.002172	0	50.000275
0.004335	0	49.998528
0.005268	0	49.997749
0.003654	0	49.997482
0.001783	0	49.996872
0.000256	0	49.996277
-0.000128	0	49.995193
0.000599	0	49.994194
0.001335	0	49.993912
0.001526	0	49.995071
0.001005	0	49.995285
0.002079	0	49.995872
0.001944	0	49.995682
0.001526	0	49.995895
-0.000834	0	49.996742
-0.001835	0	49.998131
-0.000259	0	49.998795
0.000937	0	49.999878
0.000416	0	50.000198
-0.000582	0	49.998833
-0.00021	0	49.997719
-0.00139	0	49.998116
-0.002483	0	49.996017
-0.002258	0	49.995445
-0.001112	0	49.995178
4.2e-005	0	49.99424
-6.9e-005	0	49.993515
-0.000252	0	49.993561
0.000156	0	49.995399
0.000671	0	49.997993
0.000635	0	50.000786
0.00107	0	50.003906
-0.000422	0	50.005859
-0.002169	0	50.007103
-0.003819	0	50.008354
-0.006229	0	50.008011
-0.009773	0	50.00753
-0.012348	0	50.005829
-0.01482	0	50.002968
-0.016539	0	50.001381
-0.016441	0	50.000137
-0.016529	0	49.999138
-0.015812	0	49.998695
-0.014288	0	49.998283
-0.010859	0	49.998001
-0.009413	0	49.998505
-0.007986	0	49.998871
-0.00564	0	50.000679
-0.003801	0	50.003426
-0.001747	0	50.004333
0.001413	0	50.003418
0.004093	0	50.002396
0.005922	0	50.001457
0.005562	0	50.000603
0.004684	0	49.999977
0.005264	0	49.998505
0.006952	0	49.996689
0.00794	0	49.995842
0.00799	0	49.995384
0.008078	0	49.995819
0.00836	0	49.995804
0.00815	0	49.996986
0.007656	0	49.999435
0.00729	0	50.001083
0.006361	0	50.001663
0.005388	0	50.003464
0.005785	0	50.004128
0.006266	0	50.003937
0.007175	0	50.002731
0.007784	0	50.002068
0.006411	0	50.001587
0.005003	0	50.002159
0.002686	0	50.002632
0.000252	0	50.002075
-0.002117	0	50.00016
-0.00338	0	49.999733
-0.004204	0	49.999237
-0.004551	0	49.999702
-0.003389	0	49.999741
-0.002123	0	50.000435
-0.000755	0	50.000458
0.000841	0	50.001678
0.002254	0	50.00235
0.004234	0	50.002335
0.004534	0	50.002495
0.003799	0	50.00251
0.003073	0	50.003029
0.001732	0	50.00399
0.001686	0	50.00528
0.002575	0	50.00592
0.003448	0	50.005692
0.00248	0	50.004555
0.000484	0	50.003815
-0.000742	0	50.003922
-0.000942	0	50.004311
-0.000916	0	50.004959
-0.001492	0	50.004959
-0.000797	0	50.00341
0.000444	0	50.001823
0.001728	0	49.999855
0.002666	0	49.99752
0.00322	0	49.997391
0.005526	0	49.997231
0.008259	0	49.995422
0.01082	0	49.992996
0.013962	0	49.991203
0.014975	0	49.988998
0.014536	0	49.988403
0.014145	0	49.989517
0.013359	0	49.991737
0.011213	0	49.993584
0.009462	0	49.995239
0.008904	0	49.995758
0.00909	0	49.997169
0.007122	0	49.997475
0.004934	0	49.997833
0.004271	0	50.000031
0.004776	0	50.002121
0.005434	0	50.002045
0.00374	0	50.002167
0.003023	0	50.001755
0.002489	0	50.000328
0.003056	0	49.997955
0.002506	0	49.995941
0.003233	0	49.994881
0.004421	0	49.99527
0.005716	0	49.995972
0.006302	0	49.996452
0.005817	0	49.997162
0.003668	0	49.997925
0.001993	0	49.997726
0.000786	0	49.99781
0.00214	0	49.997452
0.003508	0	49.997589
0.004015	0	49.998932
0.00407	0	49.999001
0.002768	0	49.999039
0.001083	0	49.997856
-0.000137	0	49.997429
0.000238	0	49.998032
0.001513	0	49.998711
0.004032	0	49.999168
0.006397	0	49.998871
0.00757	0	49.99807
0.007208	0	49.996353
0.006924	0	49.995178
0.00589	0	49.994949
0.003147	0	49.996216
0.002192	0	49.998627
0.00186	0	49.999649
0.00124	0	49.999146
0.003178	0	49.998367
0.004629	0	49.999229
0.003813	0	50.000404
0.001947	0	50.002007
-0.000473	0	50.001579
-0.002048	0	50.000877
-0.003628	0	50.001961
-0.003239	0	50.002258
-0.001884	0	50.002472
-0.000984	0	50.002121
-0.001616	0	50.003288
-0.002764	0	50.005959
-0.003736	0	50.008148
-0.004957	0	50.008804
-0.006737	0	50.008888
-0.005238	0	50.007774
-0.003637	0	50.00634
-0.003071	0	50.005341
-0.000769	0	50.004089
0.000376	0	50.002724
0.001751	0	50.00238
0.000959	0	50.002487
-0.00087	0	50.002419
-0.001669	0	50.00367
-0.002378	0	50.004524
-0.001963	0	50.0047
-0.00145	0	50.005646
-0.000761	0	50.007111
-1.3e-005	0	50.009567
-0.000843	0	50.010963
-0.0021	0	50.010948
-0.003294	0	50.011009
-0.003326	0	50.010307
-0.002562	0	50.009552
-0.001652	0	50.008095
-0.000654	0	50.007294
0.000141	0	50.006927
-8.6e-005	0	50.006126
-0.001501	0	50.005005
-0.00317	0	50.003677
-0.002199	0	50.001717
-0.001026	0	50.000702
-0.000118	0	50.000717
0.000338	0	50.001541
0.000969	0	50.002151
0.002316	0	50.00264
0.00321	0	50.004379
0.002754	0	50.005775
0.002438	0	50.006363
0.003613	0	50.007195
0.005936	0	50.007744
0.007277	0	50.009361
0.008282	0	50.011749
0.007345	0	50.012344
0.004776	0	50.011734
0.002588	0	50.010178
0.000278	0	50.009636
-0.001057	0	50.008034
-0.002615	0	50.006645
-0.002575	0	50.006729
-0.002602	0	50.006607
-0.002754	0	50.007889
-0.002501	0	50.007965
-0.003307	0	50.007751
-0.004267	0	50.006622
-0.005503	0	50.005219
-0.007589	0	50.005074
-0.008411	0	50.006065
-0.009138	0	50.007202
-0.009394	0	50.00853
-0.010817	0	50.008179
-0.010479	0	50.006668
-0.010456	0	50.005135
-0.00811	0	50.003815
-0.00386	0	50.002228
0.000334	0	50.000755
0.001617	0	50.000114
0.002762	0	49.998947
0.002579	0	49.99913
0.001394	0	49.999657
0.000566	0	49.999954
0.000111	0	49.999847
-0.000513	0	50.000061
-0.001423	0	49.999886
-0.001701	0	49.999397
-0.001318	0	49.99913
-0.002813	0	49.999474
-0.004364	0	49.999146
-0.00659	0	49.999199
-0.008188	0	49.999756
-0.009609	0	49.999641
-0.010036	0	49.998901
-0.008041	0	49.997597
-0.005342	0	49.996033
-0.003691	0	49.994431
-0.00263	0	49.994522
-0.002323	0	49.994766
-0.002993	0	49.996513
-0.003153	0	49.997116
-0.001213	0	49.996819
-0.000481	0	49.998619
0.001198	0	50.001549
0.001993	0	50.002754
0.002996	0	50.001617
0.004261	0	49.998909
0.005503	0	49.997772
0.006207	0	49.997627
0.005457	0	49.995743
0.004129	0	49.994316
0.002625	0	49.993584
0.002228	0	49.993538
0.001888	0	49.993866
0.00149	0	49.993767
0.00144	0	49.995071
0.002831	0	49.99559
0.003302	0	49.99662
0.005667	0	49.997482
0.006302	0	49.99794
0.004326	0	49.999306
0.001783	0	49.997688
0.000937	0	49.994835
0.002489	0	49.993095
0.004343	0	49.992035
0.006485	0	49.992004
0.010643	0	49.993195
0.013575	0	49.995041
0.016226	0	49.996887
0.017036	0	49.9981
0.014536	0	49.998856
0.011364	0	49.999992
0.009426	0	50.001144
0.006557	0	50.002701
0.004297	0	50.002747
0.003691	0	50.001549
0.003836	0	50.00061
0.003868	0	49.999695
0.004454	0	49.998085
0.004166	0	49.997269
0.003841	0	49.996971
0.002781	0	49.997147
0.002466	0	49.996277
0.001768	0	49.996307
4.2e-005	0	49.998108
-0.00104	0	50.000076
-0.000214	0	49.999969
0.001345	0	49.997849
0.00182	0	49.996117
0.002333	0	49.99498
0.003284	0	49.995399
0.004211	0	49.996346
0.004999	0	49.998703
0.004221	0	50.000153
0.004486	0	50.000832
0.004789	0	50.001038
0.004538	0	50.000961
0.00493	0	50.001343
0.006197	0	50.001633
0.006224	0	50.00164
0.006145	0	50.001709
0.004541	0	50.002182
0.003298	0	50.002327
0.002434	0	50.00103
0.001921	0	50.000351
0.001806	0	50.000275
0.002506	0	50.000732
0.003397	0	50.000305
0.003708	0	50.000603
0.003164	0	50.001289
0.003429	0	50.00013
0.005196	0	49.998138
0.004852	0	49.996017
0.003105	0	49.994011
0.000534	0	49.993156
0.000164	0	49.993256
-0.000259	0	49.994598
-0.001276	0	49.996162
-0.001665	0	49.998314
-0.002647	0	49.999001
-0.003317	0	49.998657
-0.002228	0	49.997711
-0.000942	0	49.99736
0.002247	0	49.997597
0.005424	0	49.998253
0.005251	0	49.999283
0.005291	0	50.000961
0.005388	0	50.003014
0.004274	0	50.002998
0.002075	0	50.002251
-0.000889	0	50.003014
-0.003778	0	50.004936
-0.0056	0	50.006058
-0.007345	0	50.007103
-0.008818	0	50.006973
-0.010296	0	50.006538
-0.010017	0	50.004936
-0.009714	0	50.002625
-0.008366	0	50.001312
-0.007378	0	50.000214
-0.008018	0	49.999069
-0.00922	0	49.99807
-0.009033	0	49.996819
-0.007999	0	49.995598
-0.006001	0	49.994583
-0.004053	0	49.993774
-0.002895	0	49.992676
-0.003235	0	49.99334
-0.003971	0	49.993492
-0.005365	0	49.994659
-0.007589	0	49.995934
-0.008242	0	49.998184
-0.008408	0	49.999924
-0.008841	0	50.001244
-0.010986	0	50.001823
-0.013214	0	50.001862
-0.015505	0	50.001915
-0.016666	0	50.001595
-0.016945	0	50.001076
-0.016506	0	50.001427
-0.016424	0	50.000641
-0.016035	0	50.000778
-0.015314	0	50.000877
-0.013607	0	50.001534
-0.013309	0	49.999718
-0.011978	0	49.99823
-0.011805	0	49.997681
-0.010937	0	49.998428
-0.008846	0	49.99791
-0.008348	0	49.999115
-0.009211	0	49.999634
-0.010214	0	50.001549
-0.009884	0	50.002151
-0.009119	0	50.002495
-0.009138	0	50.002716
-0.010735	0	50.003044
-0.013214	0	50.003342
-0.013548	0	50.001816
-0.010489	0	50.001343
-0.007057	0	49.999687
-0.003344	0	49.999084
-0.001259	0	49.997246
-8.2e-005	0	49.995911
0.000353	0	49.995232
0.000219	0	49.994385
-0.000427	0	49.994316
-0.001616	0	49.994293
-0.00215	0	49.994415
-0.002579	0	49.995598
-0.003893	0	49.995445
-0.006363	0	49.995804
-0.009335	0	49.995186
-0.011667	0	49.993752
-0.01223	0	49.993942
-0.012005	0	49.994835
-0.011929	0	49.995514
-0.01169	0	49.995323
-0.010443	0	49.995071
-0.009367	0	49.994949
-0.008015	0	49.996452
-0.008476	0	49.997749
-0.008123	0	49.998047
-0.006884	0	49.998352
-0.004564	0	49.997566
-0.002104	0	49.998283
-6.3e-005	0	49.998863
0.002113	0	49.998932
0.002708	0	49.998901
0.003027	0	49.998985
0.003813	0	49.998238
0.004005	0	49.998932
0.003799	0	49.999458
0.002365	0	50.000458
0.001133	0	50.000694
0.000406	0	49.999191
-9.5e-005	0	49.996841
0.000271	0	49.996315
0.001358	0	49.995453
0.00316	0	49.994125
0.005465	0	49.991501
0.00621	0	49.990448
0.006639	0	49.989532
0.006096	0	49.991364
0.006338	0	49.990433
0.005278	0	49.990608
0.00462	0	49.990501
0.002899	0	49.99173
0.002007	0	49.993324
0.00149	0	49.993568
0.000874	0	49.992813
0.001404	0	49.992584
0.002951	0	49.992035
0.00478	0	49.991219
0.006685	0	49.989502
0.007364	0	49.989418
0.007555	0	49.988945
0.006407	0	49.988945
0.003992	0	49.987671
0.002813	0	49.985977
0.002192	0	49.984024
0.001617	0	49.982658
0.002539	0	49.980553
0.002457	0	49.979843
0.000814	0	49.97934
3.6e-005	0	49.980087
-0.000305	0	49.982109
-0.001554	0	49.981056
-0.002281	0	49.980797
-0.002342	0	49.982452
-0.001665	0	49.984962
-0.000715	0	49.987778
0.000608	0	49.989067
0.001938	0	49.990257
0.001116	0	49.989044
-0.000317	0	49.988724
-0.001766	0	49.989838
-0.003075	0	49.991234
-0.002819	0	49.992805
-0.003609	0	49.993713
-0.003477	0	49.994995
-0.00317	0	49.99585
-0.002712	0	49.997688
-0.001387	0	49.998329
-0.000278	0	49.998161
0.000233	0	49.997482
0.000475	0	49.998344
-0.000601	0	50.000038
-0.002117	0	50.001694
-0.002245	0	50.003365
-0.001478	0	50.005013
-0.000154	0	50.005692
0.000261	0	50.005211
0.002108	0	50.003677
0.002356	0	50.003716
0.000429	0	50.003281
-0.000751	0	50.00219
-0.001295	0	50.003426
-0.001194	0	50.003204
-0.000467	0	50.001305
-0.000372	0	49.999619
-0.000751	0	49.998489
-0.000568	0	49.997475
-0.000998	0	49.995949
-0.00066	0	49.99337
-0.000349	0	49.993073
-0.000362	0	49.993179
0.000105	0	49.994064
0.000462	0	49.995911
0.000822	0	49.99662
0.002424	0	49.997551
0.003859	0	49.998146
0.003471	0	49.998108
0.00176	0	49.997513
0.000832	0	49.997971
-0.001633	0	49.99839
-0.00388	0	49.998711
-0.005348	0	49.999611
-0.006363	0	50.000412
-0.005928	0	50.000954
-0.004848	0	50.002571
-0.003651	0	50.004395
-0.00419	0	50.004761
-0.004148	0	50.00515
-0.00522	0	50.005417
-0.006006	0	50.006927
-0.007189	0	50.008827
-0.00778	0	50.009033
-0.007841	0	50.009369
-0.007454	0	50.01001
-0.008522	0	50.012794
-0.008484	0	50.014153
-0.007431	0	50.014671
-0.005266	0	50.014572
-0.00391	0	50.012428
-0.002865	0	50.010712
-0.0023	0	50.008217
-0.003487	0	50.007607
-0.005348	0	50.005341
-0.00725	0	50.003326
-0.008333	0	50.001961
-0.009613	0	50.001549
-0.010008	0	50.002609
-0.008366	0	50.00119
-0.006403	0	49.998589
-0.003572	0	49.997826
-0.002979	0	49.999092
-0.001328	0	49.999405
-0.001034	0	49.998154
-0.000797	0	49.998894
-0.00104	0	49.999138
-0.000343	0	49.999886
0.000618	0	49.999405
0.000471	0	49.999458
0.0009	0	49.999199
0.001974	0	49.999924
0.002241	0	50.001335
0.002195	0	50.003906
0.001083	0	50.005699
-0.001053	0	50.006393
-0.001986	0	50.007088
-0.001848	0	50.00724
-0.001701	0	50.006058
-0.001154	0	50.003387
0.000526	0	50.002808
0.003992	0	50.002945
0.004999	0	50.002525
0.005749	0	50.001549
0.004042	0	49.999382
0.00198	0	49.998634
-8.2e-005	0	49.999023
-0.003078	0	49.999588
-0.006586	0	50.001617
-0.008101	0	50.001648
-0.009243	0	50.002052
-0.008703	0	50.002243
-0.008833	0	50.00235
-0.008595	0	50.001678
-0.006884	0	50.001266
-0.004025	0	50.000397
-0.000546	0	50.000587
0.003042	0	50.000351
0.00535	0	50.000198
0.006479	0	49.999939
0.006548	0	49.999855
0.007057	0	49.998238
0.005222	0	49.99807
0.002443	0	50.000107
0.000435	0	50.002037
-5.5e-005	0	50.004456
-0.0002	0	50.00724
0.000311	0	50.009163
0.000896	0	50.00914
0.001005	0	50.007652
0.001463	0	50.005844
0.00215	0	50.002922
0.003511	0	49.999718
0.005045	0	49.997467
0.008095	0	49.996071
0.008835	0	49.996262
0.007898	0	49.996826
0.005791	0	49.997253
0.004065	0	49.996666
0.003544	0	49.996223
0.003805	0	49.99791
0.003654	0	49.99823
0.004303	0	49.998062
0.005589	0	49.998695
0.005602	0	50.001961
0.004652	0	50.006157
0.003668	0	50.009689
0.002726	0	50.010872
0.001774	0	50.01255
0.002039	0	50.010864
0.002003	0	50.009178
0.00021	0	50.008636
-0.000952	0	50.009285
-0.001646	0	50.009087
-0.002323	0	50.007774
-0.004702	0	50.006584
-0.006426	0	50.005791
-0.008732	0	50.00605
-0.010279	0	50.005219
-0.011393	0	50.004051
-0.011805	0	50.003197
-0.011173	0	50.002403
-0.010237	0	50.002495
-0.007704	0	50.003098
-0.00493	0	50.003456
-0.004705	0	50.004128
-0.004568	0	50.00412
-0.005075	0	50.003403
-0.004999	0	50.00322
-0.005035	0	50.003204
-0.003668	0	50.003891
-0.003696	0	50.006065
-0.002905	0	50.009041
-0.000929	0	50.010948
0.001829	0	50.011322
0.0037	0	50.009659
0.003933	0	50.007629
0.003407	0	50.00573
0.004019	0	50.003998
0.004866	0	50.002525
0.004707	0	50.002258
0.003262	0	50.001175
0.001778	0	50.000687
0.000164	0	49.999985
-0.001341	0	49.999718
-0.001436	0	49.999268
-0.000631	0	49.999123
-0.000647	0	49.999741
0.000549	0	50.001434
0.001974	0	50.002541
0.003193	0	50.002556
0.004509	0	50.00132
0.004963	0	50.001503
0.004652	0	50.001831
0.005379	0	50.003838
0.00676	0	50.005836
0.006971	0	50.0065
0.00601	0	50.006439
0.004574	0	50.005348
0.001741	0	50.00444
-0.000154	0	50.004448
-0.001629	0	50.004158
-0.003592	0	50.00502
-0.004665	0	50.007034
-0.005499	0	50.008308
-0.005108	0	50.010101
-0.004757	0	50.010628
-0.003147	0	50.010452
-0.003153	0	50.00959
-0.002865	0	50.007744
-0.00194	0	50.006325
-0.000206	0	50.005577
0.000288	0	50.006859
5e-005	0	50.007103
0.00075	0	50.00721
0.003193	0	50.006081
0.004019	0	50.003922
0.005379	0	50.001991
0.005072	0	50.000237
0.005009	0	49.999451
0.004385	0	49.999802
0.003965	0	50.001579
0.004019	0	50.001617
0.002712	0	50.002281
0.001293	0	50.002716
0.000668	0	50.004662
-0.000183	0	50.00502
-0.000105	0	50.00621
0.000238	0	50.007332
-1e-005	0	50.008003
0.000114	0	50.00824
-0.000961	0	50.008575
-0.001715	0	50.01107
-0.001989	0	50.013336
-0.002716	0	50.013458
-0.003065	0	50.013084
-0.005627	0	50.012016
-0.00795	0	50.009583
-0.008078	0	50.006546
-0.006838	0	50.003044
-0.005814	0	50.001953
-0.004522	0	50.001251
-0.003576	0	50.000778
-0.001404	0	50.002159
0.000292	0	50.00457
0.000275	0	50.006248
0.001572	0	50.00724
0.002611	0	50.007629
0.003521	0	50.007935
0.005333	0	50.00502
0.00622	0	50.002434
0.007721	0	49.999496
0.008923	0	49.99678
0.007771	0	49.995613
0.007305	0	49.996643
0.005968	0	49.998276
0.004343	0	49.999832
0.005131	0	50.000282
0.004065	0	50.002167
0.004116	0	50.002678
0.004551	100	50.003624
0.005579	100	50.003174
0.005245	100	50.001457
0.004293	100	49.999069
0.004776	100	49.997704
0.00433	100	49.99527
0.00285	100	49.993546
0.000877	100	49.993195
-0.001217	100	49.992905
-0.001511	100	49.993782
-0.001171	100	49.994827
0.000883	100	49.996063
0.00433	100	49.997574
0.008406	100	49.99791
0.012573	100	49.997452
0.014877	100	49.99662
0.016104	100	49.995964
0.020184	100	49.99617
0.026155	100	49.996208
0.031801	100	49.995796
0.037979	100	49.99527
0.044762	100	49.993744
0.051823	100	49.99279
0.059956	100	49.991989
0.068321	100	49.992378
0.076593	100	49.992554
0.08399	100	49.992905
0.091745	100	49.993095
0.100853	100	49.992912
0.110102	100	49.991379
0.119188	100	49.990288
0.129553	100	49.98877
0.141623	100	49.988998
0.153856	100	49.987495
0.167835	100	49.986206
0.184216	100	49.98468
0.201202	100	49.984253
0.220852	100	49.982224
0.242052	100	49.97924
0.266132	100	49.975815
0.28949	100	49.973068
0.313259	100	49.970856
0.337488	100	49.970299
0.364155	100	49.971573
0.392681	100	49.973465
0.421303	100	49.975777
0.451378	100	49.978889
0.482498	100	49.98082
0.516819	100	49.981194
0.552881	100	49.980614
0.589327	100	49.979675
0.626505	100	49.980209
0.664179	100	49.979668
0.702196	100	49.980194
0.741917	100	49.981834
0.782387	100	49.984367
0.826729	100	49.986565
0.872465	100	49.988075
0.921267	100	49.988739
0.971361	100	49.98996
1.024015	100	49.99041
1.076612	100	49.990982
1.13088	100	49.990974
1.186991	100	49.989914
1.244852	100	49.988892
1.304983	100	49.987183
1.367109	100	49.986176
1.430716	100	49.985893
1.495541	100	49.98748
1.562887	100	49.989418
1.630409	100	49.990936
1.699717	100	49.994698
1.771786	100	49.998016
1.847809	100	49.999893
1.926722	100	50.000122
2.008175	100	49.999428
2.091967	100	49.999168
2.177559	100	49.999886
2.267574	100	50.001213
2.360298	100	50.002167
2.455868	100	50.004463
2.55547	100	50.005058
2.657572	100	50.007141
2.762798	100	50.00985
2.870993	100	50.012268
2.981405	100	50.013992
3.093925	100	50.015549
3.210272	100	50.018501
3.329542	100	50.019661
3.452057	100	50.019928
3.579041	100	50.019203
3.71102	100	50.017502
3.844639	100	50.016098
3.979408	100	50.017517
4.115623	100	50.020073
4.256256	100	50.022331
4.401876	100	50.024284
4.550768	100	50.026505
4.703272	100	50.028755
4.858503	100	50.031784
5.018141	100	50.033661
5.182123	100	50.036049
5.350313	100	50.038338
5.519354	100	50.039124
5.693569	100	50.039375
5.871784	100	50.03891
6.054747	100	50.040176
6.240595	100	50.040176
6.429653	100	50.038803
6.622492	100	50.038132
6.820507	100	50.037964
7.022026	100	50.03759
7.226692	100	50.036568
7.435862	100	50.035782
7.650467	100	50.035889
7.867741	100	50.03669
8.087971	100	50.038231
8.312014	100	50.040443
8.541073	100	50.044312
8.773451	100	50.045685
9.00811	100	50.046532
9.247421	100	50.045395
9.489973	100	50.043022
9.735275	100	50.041374
9.984934	100	50.040489
10.238014	100	50.03965
10.492558	100	50.040741
10.750805	100	50.042938
11.013683	100	50.044701
11.280294	100	50.047134
11.549583	100	50.049225
11.822083	100	50.049896
12.098572	100	50.050278
12.378967	100	50.050362
12.66399	100	50.050964
12.950959	100	50.051903
13.240428	100	50.052505
13.532136	100	50.052322
13.828218	100	50.052727
14.126542	100	50.051872
14.427293	100	50.051117
14.730908	100	50.048759
15.036484	100	50.047745
15.343936	100	50.047905
15.655354	100	50.048836
15.970166	100	50.048157
16.287304	100	50.047905
16.60656	100	50.047279
16.929518	100	50.048203
17.255058	100	50.048782
17.583614	100	50.049034
17.913727	100	50.047615
18.246799	100	50.045723
18.583218	100	50.042786
18.921154	100	50.038872
19.261173	100	50.034859
19.604872	100	50.031548
19.950684	100	50.029297
20.299267	100	50.027405
20.648758	100	50.026413
21.001602	100	50.023514
21.355028	100	50.021271
21.711437	100	50.01825
22.06971	100	50.014908
22.4321	100	50.0112
22.796883	100	50.00795
23.164793	100	50.005112
23.533403	100	50.002167
23.904274	100	49.999214
24.275772	100	49.99575
24.649113	100	49.994835
25.02142	100	49.993721
25.395016	100	49.992287
25.769814	100	49.989471
26.146368	100	49.986916
26.524096	100	49.982925
26.903133	100	49.980835
27.283302	100	49.979546
27.66375	100	49.977356
28.045532	100	49.97493
28.427618	100	49.972603
28.808451	100	49.968819
29.189987	100	49.965462
29.573008	100	49.961731
29.958614	100	49.958839
30.343872	100	49.956238
30.729824	100	49.953766
31.114508	100	49.949638
31.501089	100	49.945877
31.887453	100	49.942856
32.274403	100	49.939766
32.661026	100	49.936966
33.047256	100	49.934814
33.431969	100	49.931923
33.816517	100	49.928177
34.200211	100	49.924088
34.58387	100	49.922409
34.967579	100	49.919579
35.352165	100	49.915886
35.736012	100	49.913628
36.117615	100	49.911743
36.49736	100	49.908676
36.877396	100	49.905121
37.256767	100	49.901436
37.635773	100	49.896889
38.012459	100	49.892914
38.387806	100	49.888863
38.761749	100	49.88549
39.136497	100	49.88208
39.508427	100	49.878777
39.879429	100	49.877251
40.249527	100	49.876328
40.617771	100	49.873367
40.984688	100	49.870354
41.348373	100	49.867493
41.71228	100	49.864799
42.07531	100	49.862892
42.436825	100	49.86219
42.797119	100	49.860962
43.156807	100	49.859779
43.515179	100	49.858101
43.871391	100	49.856972
44.227097	100	49.856316
44.581326	100	49.855057
44.935009	100	49.853844
45.287292	100	49.852768
45.638477	100	49.850998
45.986923	100	49.849724
46.33448	100	49.846886
46.680786	100	49.844841
47.024876	100	49.843315
47.368603	100	49.842789
47.707027	100	49.843788
48.044464	100	49.846924
48.382149	100	49.851143
48.719204	100	49.854607
49.054283	100	49.857094
49.388287	100	49.860664
49.720505	100	49.864853
50.050812	100	49.869179
50.378891	100	49.872879
50.705261	100	49.876953
51.029453	100	49.881172
51.351402	100	49.884163
51.671432	100	49.886459
51.990128	100	49.88726
52.308205	100	49.890129
52.624397	100	49.893967
52.93853	100	49.896156
53.25264	100	49.897491
53.5653	100	49.900505
53.875946	100	49.902817
54.187172	100	49.906525
54.496643	100	49.909966
54.804184	100	49.913544
55.11079	100	49.916161
55.414536	100	49.917961
55.716125	100	49.918526
56.015724	100	49.92012
56.312183	100	49.921066
56.606098	100	49.922905
56.898918	100	49.925674
57.189865	100	49.928535
57.480438	100	49.933395
57.769196	100	49.937439
58.055809	100	49.941589
58.34053	100	49.94548
58.623764	100	49.948654
58.906357	100	49.952217
59.188164	100	49.955139
59.466869	100	49.959045
59.74498	100	49.964935
60.021473	100	49.971176
60.297844	100	49.976151
60.57486	100	49.98024
60.849594	100	49.984055
61.121834	100	49.988205
61.392433	100	49.991402
61.662178	100	49.994141
61.93145	100	49.995544
62.198891	100	49.997719
62.464355	100	50.000656
62.728302	100	50.00248
62.990143	100	50.003273
63.251137	100	50.004036
63.512466	100	50.005722
63.771912	100	50.007439
64.029327	100	50.01059
64.284348	100	50.01313
64.539268	100	50.014961
64.796402	100	50.016411
65.053406	100	50.018814
65.308578	100	50.021736
65.561691	100	50.023865
65.813942	100	50.025742
66.062897	100	50.027771
66.310326	100	50.030441
66.556435	100	50.033028
66.800583	100	50.035614
67.043869	100	50.036896
67.284691	100	50.037437
67.524483	100	50.037064
67.763657	100	50.036179
68.001495	100	50.034729
68.237808	100	50.035103
68.472794	100	50.036209
68.70739	100	50.037682
68.941612	100	50.038605
69.175415	100	50.039413
69.407982	100	50.040298
69.640549	100	50.039131
69.871414	100	50.036751
70.1007	100	50.033821
70.329803	100	50.031754
70.559288	100	50.02916
70.78495	100	50.026077
71.008377	100	50.02282
71.231323	100	50.019852
71.453613	100	50.01915
71.67498	100	50.019119
71.892242	100	50.02018
72.107903	100	50.020058
72.321175	100	50.019493
72.534088	100	50.017303
72.744492	100	50.015915
72.953789	100	50.012909
73.161606	100	50.009018
73.368477	100	50.005646
73.575729	100	50.002419
73.779419	100	49.999229
73.98201	100	49.996696
74.185127	100	49.994865
74.385857	100	49.993813
74.584839	100	49.993233
74.783295	100	49.992355
74.981346	100	49.991547
75.177574	100	49.989914
75.372742	100	49.986893
75.567207	100	49.983879
75.761047	100	49.981308
75.953583	100	49.977608
76.14373	100	49.972366
76.331406	100	49.967064
76.517197	100	49.962624
76.70256	100	49.959167
76.886917	100	49.955833
77.068893	100	49.952423
77.250809	100	49.949638
77.432045	100	49.946129
77.610374	100	49.941589
77.787567	100	49.936684
77.962662	100	49.933212
78.135582	100	49.92981
78.306458	100	49.924522
78.475929	100	49.918327
78.643013	100	49.912994
78.810204	100	49.906685
78.978645	100	49.901985
79.146881	100	49.896523
79.312523	100	49.892044
79.475471	100	49.888527
79.636429	100	49.886131
79.79673	100	49.885117
79.95565	100	49.882851
80.114006	100	49.881126
80.270729	100	49.878792
80.42556	100	49.87661
80.578789	100	49.876701
80.72998	100	49.878601
80.880615	100	49.880615
81.028976	100	49.880241
81.176117	100	49.880333
81.322021	100	49.880974
81.467613	100	49.881973
81.610931	100	49.883362
81.754379	100	49.8853
81.896324	100	49.887878
82.035378	100	49.88813
82.172615	100	49.88784
82.306442	100	49.88829
82.440544	100	49.889229
82.57341	100	49.889511
82.704849	100	49.891136
82.835236	100	49.893204
82.965332	100	49.895981
83.09433	100	49.898186
83.222084	100	49.901497
83.348946	100	49.904846
83.475464	100	49.907417
83.601868	100	49.911789
83.726936	100	49.915695
83.849487	100	49.919464
83.971207	100	49.922104
84.092377	100	49.923676
84.212204	100	49.925201
84.329231	100	49.926559
84.44619	100	49.929489
84.562904	100	49.933868
84.677505	100	49.939026
84.792526	100	49.943062
84.906746	100	49.947731
85.020775	100	49.953041
85.134903	100	49.960495
85.247826	100	49.968033
85.360161	100	49.975586
85.470734	100	49.981743
85.581032	100	49.986847
85.690056	100	49.990181
85.797127	100	49.993378
85.904388	100	49.996483
86.012573	100	49.999855
86.118858	100	50.004021
86.224854	100	50.008171
86.329285	100	50.012405
86.432549	100	50.014336
86.534676	100	50.016754
86.638069	100	50.020264
86.73996	100	50.023987
86.841293	100	50.028664
86.941963	100	50.03241
87.042542	100	50.037209
87.142593	100	50.041138
87.242683	100	50.04451
87.343277	100	50.047806
87.443176	100	50.052116
87.541016	100	50.056374
87.638733	100	50.059174
87.735542	100	50.062523
87.83107	100	50.06736
87.926361	100	50.071342
88.021645	100	50.075134
88.115433	100	50.078949
88.208534	100	50.081696
88.303093	100	50.083405
88.394669	100	50.085609
88.485451	100	50.088295
88.574966	100	50.089569
88.664574	100	50.092072
88.75351	100	50.093338
88.841675	100	50.096123
88.930458	100	50.099121
89.020142	100	50.099075
89.108772	100	50.100037
89.196808	100	50.099884
89.284752	100	50.098091
89.371819	100	50.097519
89.457993	100	50.098465
89.543709	100	50.098717
89.629593	100	50.099747
89.714073	100	50.099487
89.797554	100	50.099602
89.881683	100	50.100113
89.966576	100	50.101021
90.050423	100	50.100441
90.132683	100	50.099564
90.214439	100	50.098656
90.295837	100	50.097046
90.375885	100	50.096527
90.455948	100	50.094902
90.537567	100	50.092949
90.617828	100	50.091202
90.699982	100	50.088615
90.783546	100	50.086006
90.864731	100	50.083351
90.943993	100	50.080315
91.022705	100	50.078125
91.102676	100	50.073715
91.18251	100	50.069565
91.261101	100	50.064957
91.339127	100	50.059746
91.4179	100	50.054367
91.494682	100	50.047668
91.570641	100	50.040611
91.646393	100	50.035553
91.72287	100	50.031723
91.798622	100	50.028259
91.874054	100	50.025085
91.946976	100	50.022461
92.020279	100	50.018112
92.091919	100	50.013046
92.163582	100	50.008469
92.23568	100	50.004471
92.305687	100	50.000771
92.373283	100	49.998085
92.442139	100	49.994408
92.509567	100	49.989105
92.576645	100	49.98333
92.64576	100	49.976669
92.714447	100	49.969101
92.780098	100	49.962204
92.845047	100	49.954048
92.910538	100	49.946365
92.973984	100	49.939392
93.036484	100	49.934349
93.097168	100	49.92971
93.156853	100	49.925468
93.214691	100	49.920311
93.27372	100	49.914604
93.333557	100	49.90937
93.393639	100	49.905312
93.453125	100	49.901772
93.510452	100	49.899078
93.567009	100	49.896889
93.621399	100	49.892845
93.676582	100	49.889954
93.733917	100	49.890091
93.788818	100	49.890198
93.840492	100	49.890053
93.892822	100	49.887848
93.94606	100	49.886261
93.999031	100	49.884727
94.050148	100	49.88327
94.099915	100	49.882103
94.149933	100	49.880592
94.199089	100	49.878784
94.247032	100	49.87793
94.295998	100	49.877106
94.342415	100	49.877327
94.386726	100	49.880257
94.431244	100	49.883751
94.47757	100	49.886284
94.525002	100	49.888245
94.570587	100	49.889671
94.617599	100	49.891075
94.663391	100	49.892578
94.707603	100	49.893898
94.750114	100	49.896652
94.78952	100	49.899445
94.829224	100	49.901489
94.869057	100	49.904465
94.90995	100	49.909325
94.951103	100	49.914108
94.991356	100	49.918602
95.031097	100	49.921425
95.071114	100	49.924171
95.110291	100	49.927116
95.149857	100	49.930557
95.18914	100	49.934875
95.226891	100	49.939049
95.264854	100	49.944069
95.301964	100	49.949188
95.338097	100	49.954025
95.37249	100	49.957436
95.406456	100	49.960556
95.441483	100	49.964661
95.476479	100	49.968742
95.51149	100	49.975182
95.546616	100	49.978783
95.581352	100	49.98159
95.615784	100	49.985123
95.65007	100	49.990196
95.684097	100	49.994461
95.718033	100	49.999695
95.751869	100	50.006401
95.784279	100	50.013741
95.815651	100	50.019592
95.847771	100	50.025787
95.879318	100	50.031471
95.909134	100	50.036827
95.939949	100	50.042641
95.970871	100	50.049873
96.00251	100	50.056534
96.035942	100	50.061279
96.068565	100	50.065063
96.098976	100	50.06665
96.12915	100	50.068642
96.159119	100	50.070183
96.188416	100	50.070847
96.218285	100	50.072281
96.248871	100	50.075745
96.2798	100	50.078857
96.310509	100	50.081795
96.340157	100	50.084007
96.370522	100	50.086845
96.400452	100	50.089012
96.430412	100	50.091248
96.460678	100	50.095932
96.490517	100	50.100311
96.519165	100	50.105141
96.548477	100	50.108688
96.578201	100	50.110405
96.60627	100	50.111977
96.634003	100	50.115196
96.66095	100	50.118126
96.687607	100	50.120903
96.715576	100	50.121826
96.743538	100	50.122856
96.771553	100	50.123825
96.800674	100	50.123825
96.828659	100	50.121498
96.855492	100	50.11982
96.882988	100	50.118195
96.910667	100	50.115761
96.937447	100	50.114861
96.964081	100	50.114029
96.990578	100	50.112839
97.018257	100	50.111252
97.047577	100	50.10939
97.078636	100	50.106133
97.109558	100	50.103508
97.13884	100	50.102417
97.168297	100	50.098831
97.197685	100	50.094002
97.226875	100	50.089737
97.255409	100	50.08625
97.282036	100	50.08152
97.309784	100	50.077629
97.337151	100	50.074242
97.36541	100	50.071228
97.393867	100	50.066574
97.423271	100	50.062843
97.451958	100	50.058167
97.480209	100	50.052895
97.507973	100	50.047279
97.535698	100	50.041809
97.563087	100	50.034241
97.590996	100	50.026245
97.616875	100	50.019791
97.64196	100	50.013092
97.666603	100	50.006119
97.690285	100	50.000565
97.714241	100	49.995964
97.738693	100	49.992966
97.763191	100	49.989754
97.787964	100	49.985687
97.811638	100	49.980225
97.836502	100	49.974205
97.862473	100	49.96817
97.887665	100	49.960686
97.913567	100	49.954712
97.938126	100	49.948334
97.960991	100	49.943001
97.982239	100	49.938675
98.004631	100	49.935616
98.028809	100	49.933395
98.053535	100	49.930763
98.075027	100	49.926865
98.095589	100	49.924355
98.115944	100	49.922134
98.135963	100	49.918755
98.156631	100	49.915527
98.178329	100	49.913628
98.198547	100	49.911705
98.21981	100	49.90966
98.241074	100	49.908188
98.261581	100	49.906853
98.282387	100	49.908005
98.302727	100	49.90844
98.321785	100	49.909027
98.340309	100	49.910507
98.359055	100	49.911095
98.378769	100	49.911621
98.398743	100	49.91066
98.417564	100	49.907921
98.435707	100	49.905785
98.453194	100	49.903908
98.469795	100	49.901276
98.484955	100	49.897926
98.498917	100	49.894821
98.512871	100	49.893341
98.528015	100	49.893799
98.543282	100	49.895332
98.559364	100	49.897888
98.574371	100	49.901169
98.589798	100	49.904175
98.607491	100	49.906448
98.625076	100	49.910507
98.641518	100	49.914612
98.657028	100	49.917793
98.670845	100	49.921677
98.683716	100	49.925102
98.695587	100	49.928658
98.706963	100	49.932556
98.718971	100	49.933533
98.731651	100	49.934151
98.743103	100	49.936844
98.754929	100	49.940147
98.766708	100	49.943283
98.778236	100	49.94632
98.790154	100	49.950218
98.800079	100	49.954193
98.810051	100	49.957825
98.820061	100	49.960243
98.831406	100	49.963142
98.844139	100	49.967949
98.857597	100	49.972755
98.869148	100	49.978172
98.879471	100	49.983932
98.887962	100	49.98835
98.896339	100	49.994247
98.903961	100	50.000282
98.912872	100	50.0065
98.921783	100	50.013519
98.929512	100	50.02076
98.938553	100	50.027374
98.947884	100	50.034477
98.957268	100	50.039253
98.96521	100	50.042244
98.972832	100	50.047188
98.981476	100	50.053116
98.989433	100	50.0578
98.997459	100	50.060661
99.006126	100	50.063408
99.015007	100	50.065918
99.024414	100	50.067787
99.035553	100	50.068779
99.046158	100	50.07019
99.056885	100	50.072418
99.067268	100	50.07695
99.077835	100	50.08226
99.087906	100	50.086296
99.098564	100	50.089729
99.108566	100	50.093132
99.118393	100	50.096573
99.126686	100	50.100403
99.134979	100	50.102219
99.142532	100	50.10463
99.150116	100	50.106583
99.156517	100	50.109116
99.161392	100	50.110603
99.166603	100	50.11026
99.171829	100	50.109917
99.179169	100	50.109261
99.186813	100	50.107788
99.195892	100	50.105629
99.20575	100	50.103355
99.216629	100	50.10173
99.227676	100	50.100082
99.237389	100	50.09919
99.248138	100	50.09726
99.259224	100	50.095337
99.27124	100	50.091675
99.282234	100	50.089027
99.292244	100	50.089424
99.301628	100	50.09005
99.312393	100	50.089294
99.324013	100	50.088676
99.336258	100	50.088303
99.348564	100	50.086929
99.359749	100	50.083542
99.369804	100	50.079353
99.380745	100	50.074585
99.391121	100	50.069618
99.399963	100	50.064331
99.409073	100	50.058167
99.418839	100	50.052841
99.428322	100	50.047905
99.437927	100	50.045219
99.448029	100	50.042664
99.457817	100	50.039001
99.466324	100	50.035271
99.473412	100	50.031639
99.48008	100	50.027466
99.488365	100	50.024193
99.498528	100	50.019783
99.509148	100	50.014435
99.518723	100	50.009941
99.528099	100	50.005844
99.536018	100	50.001503
99.54528	100	49.995033
99.555092	100	49.988686
99.564644	100	49.983345
99.574997	100	49.978737
99.584999	100	49.974022
99.59433	100	49.969925
99.603981	100	49.966003
99.615189	100	49.961052
99.626282	100	49.955727
99.637596	100	49.950752
99.648933	100	49.945564
99.660324	100	49.942085
99.671478	100	49.938034
99.682518	100	49.934669
99.692413	100	49.931549
99.703728	100	49.927505
99.714554	100	49.92276
99.72551	100	49.920715
99.735138	100	49.920853
99.745422	100	49.919861
99.756599	100	49.918053
99.767853	100	49.916489
99.779037	100	49.915634
99.787178	100	49.914742
99.7957	100	49.914536
99.804352	100	49.914146
99.813087	100	49.913498
99.821396	100	49.911423
99.828476	100	49.908844
99.836655	100	49.908134
99.84359	100	49.908943
99.850616	100	49.909302
99.858681	100	49.910645
99.867027	100	49.912704
99.87529	100	49.913506
99.882599	100	49.912155
99.889511	100	49.912209
99.896912	100	49.911034
99.902664	100	49.911095
99.908226	100	49.912476
99.91349	100	49.913574
99.918922	100	49.913704
99.922737	100	49.913597
99.924728	100	49.914909
99.926674	100	49.916489
99.927925	100	49.917313
99.929092	100	49.919838
99.929008	100	49.922928
99.92923	100	49.925949
99.929634	100	49.928703
99.930748	100	49.931839
99.931351	100	49.936378
99.933083	100	49.939621
99.937004	100	49.944016
99.939743	100	49.950111
99.942657	100	49.957085
99.945045	100	49.962502
99.946449	100	49.966805
99.949051	100	49.969437
99.952782	100	49.973305
99.955902	100	49.9758
99.959755	100	49.977493
99.963638	100	49.979828
99.96595	100	49.980095
99.967728	100	49.981339
99.968712	100	49.98349
99.969902	100	49.98616
99.969833	100	49.988594
99.97081	100	49.993065
99.97039	100	49.999847
99.970375	100	50.006165
99.970116	100	50.012901
99.971519	100	50.018753
99.9729	100	50.024849
99.973991	100	50.030678
99.974159	100	50.034752
99.976273	100	50.038734
99.979752	100	50.043365
99.982948	100	50.047661
99.98439	100	50.051392
99.985153	100	50.05423
99.984604	100	50.056702
99.984863	100	50.059448
99.983932	100	50.062325
99.983406	100	50.064911
99.984169	100	50.06797
99.984428	100	50.069382
99.986702	100	50.070427
99.988716	100	50.071228
99.990005	100	50.072403
99.991791	100	50.074745
99.992241	100	50.07711
99.991264	100	50.080147
99.990829	100	50.082039
99.990555	100	50.084175
99.99012	100	50.085365
99.989937	100	50.084831
99.99015	100	50.083878
99.989975	100	50.083908
99.990753	100	50.085121
99.990425	100	50.087166
99.990784	100	50.089386
99.990715	100	50.090332
99.99015	100	50.088753
99.99054	100	50.089264
99.991478	100	50.089325
99.993858	100	50.089951
99.996452	100	50.089462
99.999077	100	50.08741
100.001007	100	50.084389
100.004196	100	50.080147
100.007156	100	50.07563
100.00985	100	50.071938
100.011948	100	50.067825
100.014084	100	50.065346
100.017517	100	50.062241
100.020676	100	50.060211
100.024101	100	50.058945
100.027802	100	50.058426
100.03228	100	50.059265
100.035713	100	50.05864
100.03891	100	50.058182
100.042198	100	50.056091
100.045807	100	50.054184
100.05098	100	50.05201
100.056625	100	50.050018
100.061417	100	50.047714
100.065964	100	50.045929
100.070374	100	50.042358
100.0755	100	50.037201
100.079483	100	50.0317
100.083527	100	50.026047
100.089035	100	50.021004
100.096069	100	50.016235
100.102524	100	50.010864
100.109375	100	50.005447
100.115784	100	50.000038
100.121208	100	49.995049
100.127449	100	49.99015
100.13446	100	49.986076
100.140915	100	49.984344
100.147736	100	49.982536
100.154861	100	49.980331
100.161545	100	49.977661
100.168518	100	49.972099
100.173225	100	49.966827
100.177681	100	49.960976
100.181732	100	49.957367
100.187843	100	49.954269
100.193665	100	49.951546
100.198105	100	49.948769
100.201645	100	49.944695
100.205803	100	49.941917
100.210007	100	49.93943
100.214569	100	49.936501
100.220253	100	49.933723
100.224976	100	49.930824
100.229179	100	49.928688
100.234367	100	49.926476
100.240089	100	49.925331
100.244888	100	49.925354
100.248146	100	49.924911
100.253128	100	49.924934
100.257927	100	49.925285
100.26152	100	49.925362
100.265152	100	49.926033
100.269058	100	49.925545
100.273262	100	49.924835
100.278206	100	49.924355
100.283585	100	49.925499
100.290001	100	49.925468
100.296867	100	49.925606
100.301254	100	49.927498
100.305672	100	49.930511
100.310143	100	49.932648
100.312782	100	49.934761
100.317047	100	49.937927
100.320671	100	49.941788
100.321861	100	49.945656
100.322662	100	49.948898
100.323936	100	49.950729
100.325302	100	49.951393
100.32608	100	49.952255
100.325829	100	49.952805
100.327316	100	49.950821
100.328186	100	49.950096
100.329643	100	49.950394
100.329956	100	49.950317
100.329987	100	49.950455
100.329826	100	49.951668
100.33036	100	49.95256
100.330872	100	49.953751
100.332199	100	49.956062
100.332787	100	49.959167
100.332794	100	49.961754
100.333191	100	49.963882
100.334526	100	49.966698
100.335915	100	49.968597
100.336937	100	49.970749
100.33963	100	49.972595
100.342514	100	49.974777
100.343727	100	49.976746
100.343193	100	49.977791
100.34111	100	49.980606
100.338318	100	49.984497
100.335953	100	49.988846
100.331284	100	49.993683
100.327698	100	49.999451
100.324081	100	50.004677
100.321495	100	50.008667
100.317993	100	50.013458
100.314087	100	50.017433
100.311096	100	50.020439
100.309189	100	50.023712
100.306664	100	50.027115
100.303749	100	50.029144
100.300674	100	50.031113
100.297485	100	50.032913
100.295036	100	50.036171
100.292435	100	50.038101
100.289948	100	50.039299
100.286873	100	50.041069
100.282944	100	50.044266
100.281151	100	50.048027
100.280212	100	50.051476
100.279335	100	50.05574
100.276833	100	50.059593
100.273094	100	50.06501
100.267937	100	50.071259
100.263672	100	50.076935
100.261162	100	50.079414
100.258446	100	50.080231
100.257233	100	50.080338
100.254234	100	50.079948
100.250015	100	50.079613
100.245865	100	50.07843
100.24057	100	50.078346
100.237366	100	50.077408
100.235649	100	50.075584
100.234665	100	50.072945
100.233887	100	50.069969
100.232918	100	50.06633
100.231461	100	50.064056
100.229874	100	50.063255
100.228653	100	50.061646
100.22731	100	50.060471
100.226555	100	50.060196
100.227577	100	50.059669
100.230354	100	50.057838
100.232613	100	50.055641
100.234177	100	50.053307
100.236153	100	50.053123
100.237595	100	50.054077
100.237457	100	50.054161
100.238266	100	50.051964
100.237587	100	50.048386
100.236923	100	50.04438
100.237091	100	50.039749
100.236298	100	50.035789
100.235588	100	50.033798
100.23494	100	50.032318
100.234177	100	50.031029
100.235138	100	50.029427
100.238632	100	50.029953
100.242058	100	50.029663
100.246361	100	50.030151
100.250763	100	50.028831
100.255272	100	50.027863
100.258881	100	50.028076
100.262749	100	50.02784
100.265602	100	50.027939
100.268494	100	50.027672
100.271378	100	50.025528
100.274803	100	50.02372
100.279243	100	50.021408
100.284264	100	50.018112
100.288956	100	50.014503
100.291092	100	50.011246
100.292137	100	50.006172
100.29435	100	50.002373
100.297829	100	49.999367
100.302124	100	49.99456
100.306389	100	49.991341
100.309219	100	49.988579
100.31221	100	49.986176
100.31678	100	49.984215
100.322815	100	49.982491
100.325958	100	49.979202
100.330299	100	49.977234
100.334045	100	49.975288
100.336662	100	49.972885
100.337646	100	49.973389
100.33947	100	49.97448
100.340988	100	49.973793
100.343323	100	49.972008
100.346237	100	49.970291
100.35022	100	49.96917
100.35273	100	49.967827
100.356285	100	49.966507
100.358253	100	49.965034
100.358917	100	49.964752
100.359833	100	49.964317
100.361252	100	49.96347
100.364052	100	49.962601
100.366707	100	49.961754
100.367584	100	49.960182
100.368332	100	49.957909
100.368446	100	49.955963
100.36956	100	49.955185
100.370407	100	49.954735
100.372536	100	49.953575
100.374641	100	49.953194
100.378494	100	49.951805
100.382927	100	49.95108
100.387207	100	49.949883
100.390617	100	49.949753
100.392784	100	49.948944
100.394531	100	49.948685
100.395889	100	49.949577
100.397499	100	49.949905
100.398911	100	49.951637
100.398964	100	49.953247
100.399376	100	49.955765
100.399765	100	49.957207
100.402016	100	49.958794
100.403969	100	49.960655
100.406929	100	49.961143
100.409561	100	49.962387
100.411545	100	49.963608
100.413429	100	49.964973
100.4151	100	49.96714
100.415413	100	49.967743
100.415642	100	49.968651
100.415276	100	49.969292
100.414726	100	49.969154
100.41275	100	49.970337
100.410019	100	49.971649
100.407127	100	49.974495
100.403885	100	49.978676
100.399651	100	49.983414
100.394325	100	49.987923
100.38987	100	49.993652
100.387337	100	49.998413
100.384186	100	50.001648
100.381393	100	50.004028
100.378044	100	50.005341
100.373482	100	50.006775
100.368835	100	50.007126
100.363808	100	50.00605
100.359001	100	50.006279
100.355721	100	50.006813
100.351707	100	50.006897
100.348175	100	50.00663
100.345131	100	50.006195
100.342316	100	50.005905
100.339241	100	50.006477
100.336327	100	50.008179
100.334549	100	50.010216
100.332558	100	50.012619
100.329636	100	50.014069
100.324577	100	50.015533
100.319115	100	50.016815
100.313309	100	50.019951
100.307632	100	50.023018
100.302872	100	50.025665
100.29847	100	50.029091
100.293556	100	50.032715
100.288101	100	50.036217
100.284569	100	50.039391
100.281944	100	50.042519
100.279266	100	50.044037
100.277092	100	50.044762
100.274849	100	50.045708
100.271217	100	50.047577
100.267967	100	50.048943
100.266006	100	50.050446
100.265007	100	50.052811
100.26474	100	50.05513
100.265244	100	50.056442
100.265038	100	50.057251
100.264763	100	50.055962
100.262291	100	50.055298
100.258873	100	50.055634
100.255783	100	50.056198
100.252831	100	50.056564
100.2509	100	50.055222
100.249298	100	50.055489
100.247849	100	50.054962
100.24794	100	50.054001
100.248306	100	50.052834
100.247597	100	50.051628
100.247963	100	50.05069
100.247238	100	50.049492
100.247124	100	50.047256
100.248482	100	50.045731
100.249283	100	50.044853
100.252007	100	50.044029
100.254814	100	50.043571
100.256935	100	50.041939
100.258507	100	50.040298
100.260414	100	50.037857
100.262695	100	50.037407
100.26487	100	50.036636
100.266479	100	50.036079
100.268127	100	50.034279
100.270164	100	50.033852
100.273788	100	50.032936
100.278885	100	50.030991
100.282738	100	50.028542
100.285225	100	50.027084
100.28817	100	50.024879
100.29097	100	50.023827
100.29425	100	50.023636
100.296883	100	50.022568
100.298477	100	50.023819
100.300148	100	50.02401
100.301643	100	50.021988
100.301369	100	50.020042
100.301384	100	50.018814
100.301231	100	50.016808
100.30278	100	50.015259
100.305939	100	50.013458
100.308853	100	50.011581
100.312195	100	50.008286
100.314316	100	50.004272
100.318047	100	50.000397
100.321678	100	49.996841
100.324837	100	49.994102
100.329422	100	49.991486
100.334328	100	49.9879
100.340111	100	49.986465
100.344894	100	49.985558
100.34938	100	49.986168
100.352684	100	49.986816
100.356224	100	49.986893
100.361748	100	49.987656
100.36573	100	49.987778
100.369781	100	49.986748
100.372581	100	49.985512
100.373772	100	49.983269
100.374321	100	49.982048
100.375877	100	49.98143
100.377586	100	49.98127
100.378967	100	49.980888
100.379501	100	49.97982
100.378571	100	49.978638
100.379524	100	49.977371
100.380928	100	49.977364
100.381363	100	49.977562
100.381516	100	49.975235
100.381248	100	49.973862
100.382423	100	49.971191
100.383835	100	49.969452
100.382278	100	49.966782
100.381409	100	49.965225
100.380333	100	49.964462
100.379234	100	49.962624
100.378113	100	49.960632
100.377449	100	49.958733
100.377647	100	49.957153
100.378624	100	49.957069
100.380592	100	49.956284
100.38279	100	49.955894
100.384438	100	49.955063
100.38472	100	49.953651
100.384201	100	49.953178
100.382042	100	49.95266
100.380608	100	49.952995
100.378769	100	49.952454
100.377319	100	49.952209
100.376633	100	49.952103
100.375206	100	49.953178
100.373161	100	49.954857
100.370583	100	49.956429
100.367012	100	49.957497
100.361534	100	49.957581
100.356461	100	49.957535
100.3517	100	49.958557
100.34861	100	49.959511
100.346313	100	49.959984
100.345192	100	49.961517
100.344177	100	49.96244
100.342209	100	49.963928
100.339226	100	49.96637
100.337494	100	49.969887
100.335052	100	49.974388
100.332596	100	49.979187
100.329689	100	49.983917
100.326027	100	49.987679
100.322823	100	49.99073
100.318993	100	49.993752
100.3144	100	49.996056
100.309875	100	49.999184
100.304558	100	50.00296
100.299446	100	50.006912
100.295982	100	50.009872
100.291794	100	50.012047
100.287895	100	50.012764
100.282509	100	50.014099
100.277931	100	50.015877
100.274315	100	50.016983
100.270279	100	50.017288
100.266441	100	50.017647
100.263634	100	50.01722
100.262199	100	50.016647
100.261337	100	50.016243
100.260605	100	50.015656
100.257675	100	50.015717
100.255173	100	50.017578
100.252884	100	50.020058
100.251053	100	50.022301
100.248283	100	50.025108
100.245163	100	50.026703
100.241837	100	50.029236
100.239647	100	50.030663
100.238579	100	50.031258
100.237923	100	50.032257
100.238083	100	50.033363
100.236298	100	50.035698
100.233841	100	50.039253
100.231506	100	50.041588
100.230026	100	50.042145
100.228172	100	50.04287
100.225876	100	50.043755
100.223732	100	50.044189
100.22245	100	50.045967
100.222183	100	50.047379
100.221786	100	50.049789
100.223221	100	50.05188
100.222198	100	50.053085
100.220261	100	50.054611
100.219429	100	50.055267
100.219513	100	50.055908
100.219803	100	50.05761
100.220268	100	50.059181
100.22123	100	50.059135
100.221916	100	50.057861
100.223396	100	50.055962
100.225739	100	50.053024
100.227585	100	50.05127
100.229317	100	50.049423
100.231796	100	50.049927
100.234322	100	50.050697
100.236328	100	50.050262
100.238548	100	50.047729
100.240021	100	50.045074
100.241478	100	50.044273
100.24305	100	50.043182
100.24543	100	50.040298
100.249199	100	50.037865
100.251564	100	50.036896
100.254257	100	50.036301
100.256912	100	50.036255
100.260826	100	50.035172
100.263367	100	50.033485
100.265572	100	50.033058
100.267227	100	50.033493
100.268013	100	50.032326
100.267906	100	50.030838
100.267593	100	50.029114
100.267769	100	50.027534
100.269661	100	50.025696
100.271828	100	50.025101
100.274109	100	50.023163
100.277527	100	50.021332
100.28054	100	50.019211
100.285118	100	50.016815
100.289978	100	50.01564
100.294754	100	50.012627
100.296875	100	50.010101
100.299004	100	50.006897
100.30201	100	50.003487
100.305069	100	49.999931
100.307632	100	49.997269
100.309402	100	49.995728
100.311165	100	49.993935
100.311829	100	49.991753
100.314697	100	49.988846
100.317703	100	49.986275
100.3209	100	49.984795
100.321877	100	49.982468
100.32309	100	49.97934
100.325058	100	49.977036
100.326004	100	49.975677
100.327003	100	49.972809
100.327919	100	49.967216
100.328056	100	49.963852
100.327667	100	49.961845
100.326736	100	49.961067
100.328018	100	49.961418
100.329826	100	49.962708
100.330658	100	49.964561
100.330025	100	49.964737
100.329987	100	49.965446
100.331123	100	49.966049
100.333931	100	49.964874
100.335861	100	49.962776
100.3358	100	49.960487
100.335266	100	49.958344
100.334091	100	49.956627
100.332558	100	49.954903
100.331543	100	49.95385
100.329742	100	49.95253
100.32724	100	49.952072
100.325294	100	49.951225
100.322998	100	49.951447
100.320229	100	49.954849
100.318146	100	49.958755
100.315651	100	49.960724
100.313416	100	49.962181
100.311943	100	49.961578
100.309746	100	49.960304
100.30764	100	49.959091
100.304482	100	49.957733
100.30217	100	49.957047
100.299973	100	49.956833
100.296928	100	49.957771
100.293709	100	49.958374
100.291412	100	49.959801
100.288284	100	49.962173
100.286873	100	49.963257
100.285355	100	49.963127
100.282944	100	49.962601
100.280403	100	49.961861
100.278801	100	49.963448
100.277092	100	49.967171
100.277641	100	49.971184
100.276825	100	49.973839
100.27359	100	49.975624
100.271271	100	49.978111
100.267609	100	49.98185
100.264336	100	49.984802
100.261337	100	49.986916
100.257469	100	49.98732
100.254517	100	49.987671
100.250572	100	49.988869
100.247566	100	49.990181
100.243576	100	49.993492
100.239624	100	49.996727
100.238083	100	50.000916
100.23703	100	50.004517
100.235847	100	50.007156
100.235069	100	50.00956
100.23465	100	50.012321
100.233429	100	50.015266
100.232452	100	50.017525
100.230988	100	50.019722
100.228096	100	50.021667
100.224983	100	50.021515
100.222755	100	50.021988
100.220924	100	50.023834
100.21875	100	50.026978
100.215767	100	50.029434
100.212914	100	50.031647
100.210464	100	50.033577
100.208099	100	50.035271
100.204178	100	50.037582
100.19986	100	50.038338
100.198174	100	50.041733
100.198051	100	50.045692
100.199043	100	50.049553
100.197922	100	50.052162
100.197807	100	50.053665
100.19783	100	50.055901
100.199265	100	50.056961
100.200027	100	50.058899
100.200279	100	50.061005
100.201538	100	50.063812
100.201263	100	50.065819
100.201271	100	50.068481
100.201225	100	50.070633
100.202034	100	50.07077
100.203789	100	50.069786
100.205124	100	50.067551
100.207764	100	50.065704
100.209068	100	50.064018
100.210205	100	50.063828
100.210838	100	50.065041
100.211441	100	50.065239
100.211983	100	50.065956
100.212135	100	50.06601
100.212883	100	50.06543
100.21418	100	50.065231
100.213913	100	50.065048
100.21405	100	50.064674
100.214584	100	50.063095
100.217491	100	50.061775
100.220772	100	50.060883
100.222916	100	50.059669
100.222809	100	50.056969
100.223305	100	50.054207
100.224785	100	50.050514
100.225143	100	50.045685
100.226105	100	50.041176
100.228279	100	50.038666
100.229225	100	50.036606
100.229935	100	50.034531
100.230919	100	50.032135
100.232658	100	50.027771
100.23484	100	50.024635
100.238655	100	50.021042
100.243347	100	50.018105
100.245125	100	50.0158
100.247421	100	50.012993
100.248337	100	50.011383
100.247215	100	50.008591
100.246635	100	50.005768
100.246704	100	50.003342
100.24662	100	50.000366
100.246254	100	49.995697
100.246201	100	49.992569
100.246559	100	49.990639
100.247231	100	49.989037
100.247871	100	49.98996
100.248924	100	49.989708
100.251221	100	49.987854
100.252861	100	49.985405
100.254211	100	49.984291
100.255371	100	49.983292
100.255753	100	49.981308
100.25563	100	49.979584
100.254326	100	49.977272
100.252518	100	49.975235
100.250229	100	49.972404
100.249809	100	49.970001
100.250443	100	49.967903
100.250923	100	49.965149
100.251205	100	49.962563
100.252869	100	49.960815
100.255768	100	49.958878
100.260727	100	49.957008
100.26313	100	49.955139
100.265175	100	49.952782
100.266388	100	49.950256
100.266914	100	49.947487
100.26757	100	49.946037
100.268227	100	49.946304
100.267082	100	49.946167
100.267296	100	49.945572
100.267578	100	49.94503
100.267471	100	49.942932
100.266632	100	49.941063
100.264565	100	49.939651
100.260872	100	49.937729
100.257469	100	49.935471
100.254532	100	49.933983
100.252472	100	49.933525
100.25103	100	49.934395
100.249397	100	49.93631
100.24794	100	49.939148
100.247238	100	49.940826
100.245827	100	49.943047
100.245163	100	49.944557
100.241463	100	49.945305
100.238792	100	49.946701
100.237	100	49.948296
100.2369	100	49.948036
100.238312	100	49.948494
100.239998	100	49.949104
100.241417	100	49.951546
100.240646	100	49.954849
100.238564	100	49.957291
100.236465	100	49.958458
100.231705	100	49.959991
100.227928	100	49.961967
100.225952	100	49.964424
100.223732	100	49.968079
100.220909	100	49.972466
100.218941	100	49.975143
100.217361	100	49.977722
100.215294	100	49.981407
100.213081	100	49.984337
100.211212	100	49.986992
100.209465	100	49.989937
100.208778	100	49.992249
100.208641	100	49.993233
100.20919	100	49.996071
100.208878	100	49.999886
100.207489	100	50.003998
100.205536	100	50.006813
100.203598	100	50.009087
100.201553	100	50.01326
100.199936	100	50.017448
100.1978	100	50.021111
100.194321	100	50.02491
100.192749	100	50.027962
100.190346	100	50.030334
100.186729	100	50.032982
100.182716	100	50.036201
100.178497	100	50.03788
100.175316	100	50.041199
100.171494	100	50.044502
100.168739	100	50.04718
100.165253	100	50.048584
100.16291	100	50.049942
100.161903	100	50.051773
100.161713	100	50.053703
100.162109	100	50.055031
100.162201	100	50.055237
100.161392	100	50.05468
100.160027	100	50.055908
100.158607	100	50.056686
100.156998	100	50.058022
100.156349	100	50.059731
100.155472	100	50.061195
100.156113	100	50.062965
100.155731	100	50.064598
100.155876	100	50.064552
100.157272	100	50.063866
100.159515	100	50.060753
100.161545	100	50.058159
100.162277	100	50.054367
100.163483	100	50.052368
100.163445	100	50.050583
100.16143	100	50.050308
100.161163	100	50.051407
100.161835	100	50.052856
100.161346	100	50.05381
100.161026	100	50.055107
100.161087	100	50.055252
100.161209	100	50.056061
100.163422	100	50.056587
100.165123	100	50.056244
100.168221	100	50.055382
100.172462	100	50.054253
100.176178	100	50.052727
100.178787	100	50.049973
100.180275	100	50.047226
100.180389	100	50.04348
100.180832	100	50.039711
100.182289	100	50.03701
100.182556	100	50.033096
100.183327	100	50.030518
100.184921	100	50.027252
100.188774	100	50.024292
100.191551	100	50.021393
100.192581	100	50.019218
100.192612	100	50.016739
100.193687	100	50.015877
100.194458	100	50.014961
100.193871	100	50.012459
100.19342	100	50.009109
100.193222	100	50.005638
100.193787	100	50.001778
100.194458	100	49.998566
100.194107	100	49.994888
100.193207	100	49.991791
100.193268	100	49.989929
100.195152	100	49.986595
100.195862	100	49.982323
100.197014	100	49.97876
100.197243	100	49.976997
100.197876	100	49.974487
100.199669	100	49.972832
100.20224	100	49.971092
100.203552	100	49.969078
100.205154	100	49.967628
100.20771	100	49.965309
100.210426	100	49.962486
100.212212	100	49.958321
100.212021	100	49.954231
100.211739	100	49.951263
100.212509	100	49.947784
100.214523	100	49.94413
100.215614	100	49.94326
100.215637	100	49.942535
100.216469	100	49.941833
100.218292	100	49.942177
100.221054	100	49.941536
100.22184	100	49.939651
100.22123	100	49.937767
100.220123	100	49.936714
100.21637	100	49.9366
100.213417	100	49.935669
100.211334	100	49.933228
100.210838	100	49.93306
100.210632	100	49.935822
100.210938	100	49.9384
100.211006	100	49.938789
100.212257	100	49.937874
100.213409	100	49.937325
100.21447	100	49.938393
100.215309	100	49.939186
100.215797	100	49.938286
100.214699	100	49.937782
100.213898	100	49.937088
100.213242	100	49.93602
100.211693	100	49.936386
100.210007	100	49.9356
100.20887	100	49.935585
100.207207	100	49.936539
100.207321	100	49.938431
100.206902	100	49.941666
100.205498	100	49.944412
100.203407	100	49.947617
100.20118	100	49.94931
100.19886	100	49.951027
100.196648	100	49.952209
100.194511	100	49.953537
100.192894	100	49.954659
100.192291	100	49.956367
100.191216	100	49.958183
100.188438	100	49.9627
100.185928	100	49.967506
100.184036	100	49.971962
100.183029	100	49.976387
100.180519	100	49.980278
100.178543	100	49.983978
100.178566	100	49.98732
100.178024	100	49.989944
100.176247	100	49.991829
100.174522	100	49.994102
100.17318	100	49.995773
100.172485	100	49.996605
100.171509	100	49.998711
100.169624	100	50.001686
100.168938	100	50.005714
100.169296	100	50.009262
100.169296	100	50.012276
100.168419	100	50.014458
100.167892	100	50.015961
100.166428	100	50.017334
100.164703	100	50.019623
100.162346	100	50.020828
100.159515	100	50.022308
100.156158	100	50.023117
100.15406	100	50.023811
100.15239	100	50.024437
100.150162	100	50.023781
100.147079	100	50.02298
100.143784	100	50.02359
100.140099	100	50.024567
100.135185	100	50.026215
100.133255	100	50.029289
100.134308	100	50.033356
100.134628	100	50.03801
100.133499	100	50.042542
100.134239	100	50.047211
100.134392	100	50.048531
100.135315	100	50.051147
100.135422	100	50.053635
100.135536	100	50.055634
100.135086	100	50.055733
100.133896	100	50.055016
100.13102	100	50.054634
100.128677	100	50.05336
100.125992	100	50.054031
100.124565	100	50.056297
100.122917	100	50.05677
100.120575	100	50.058212
100.118362	100	50.05851
100.116653	100	50.058411
100.116524	100	50.058914
100.114967	100	50.060295
100.114304	100	50.062645
100.114166	100	50.064453
100.115021	100	50.06427
100.117126	100	50.06311
100.117622	100	50.060684
100.118385	100	50.058411
100.118805	100	50.056389
100.119118	100	50.054207
100.119743	100	50.052208
100.119835	100	50.050209
100.11985	100	50.049606
100.118439	100	50.047401
100.118538	100	50.044144
100.121017	100	50.041298
100.122643	100	50.03759
100.125595	100	50.033546
100.127228	100	50.029961
100.129448	100	50.027184
100.132759	100	50.025864
100.135735	100	50.025665
100.136681	100	50.024094
100.136627	100	50.022072
100.138161	100	50.01992
100.139938	100	50.018967
100.141548	100	50.017181
100.143585	100	50.014351
100.145546	100	50.011284
100.148247	100	50.007339
100.150131	100	50.0037
100.151382	100	49.999954
100.15213	100	49.997803
100.152084	100	49.993195
100.151711	100	49.990051
100.152176	100	49.987526
100.152832	100	49.98558
100.15361	100	49.983612
100.155159	100	49.979073
100.156296	100	49.973679
100.157173	100	49.969978
100.158379	100	49.966461
100.158234	100	49.964027
100.158829	100	49.961906
100.159088	100	49.960182
100.159798	100	49.958656
100.160805	100	49.956131
100.162834	100	49.953705
100.163956	100	49.952019
100.165062	100	49.951607
100.166351	100	49.950806
100.16758	100	49.951103
100.167206	100	49.951477
100.167557	100	49.951027
100.168365	100	49.951775
100.168259	100	49.952438
100.166649	100	49.952538
100.165497	100	49.95192
100.165985	100	49.950211
100.16803	100	49.947533
100.170967	100	49.94519
100.17289	100	49.94297
100.173164	100	49.942039
100.174301	100	49.941345
100.175049	100	49.940804
100.175827	100	49.940376
100.17849	100	49.939667
100.180717	100	49.938004
100.182159	100	49.937607
100.182358	100	49.936996
100.182648	100	49.936035
100.182068	100	49.934921
100.181961	100	49.934013
100.182343	100	49.934479
100.181839	100	49.936653
100.181046	100	49.939323
100.180878	100	49.941582
100.179443	100	49.943443
100.177109	100	49.947006
100.174316	100	49.949898
100.171906	100	49.952095
100.16967	100	49.953514
100.169197	100	49.956078
100.169098	100	49.957581
100.167488	100	49.960464
100.166206	100	49.96254
100.165276	100	49.963753
100.165001	100	49.964279
100.163361	100	49.966072
100.161316	100	49.969124
100.160446	100	49.97287
100.159813	100	49.976433
100.160049	100	49.980057
100.15976	100	49.983665
100.160835	100	49.986549
100.160896	100	49.988426
100.160278	100	49.989555
100.15863	100	49.99041
100.155914	100	49.992706
100.152298	100	49.994347
100.150314	100	49.995415
100.148605	100	49.996246
100.145683	100	49.996773
100.144554	100	49.999741
100.142715	100	50.002991
100.140167	100	50.006721
100.14106	100	50.007675
100.141228	100	50.010017
100.14032	100	50.01403
100.140045	100	50.015846
100.138016	100	50.01783
100.134804	100	50.017708
100.132233	100	50.018272
100.13028	100	50.01873
100.130203	100	50.019913
100.129639	100	50.022636
100.126877	100	50.026237
100.12278	100	50.029099
100.116714	100	50.031555
100.111649	100	50.031746
100.107803	100	50.032463
100.10524	100	50.034752
100.102402	100	50.038437
100.100098	100	50.041634
100.099426	100	50.044411
100.099213	100	50.047485
100.098984	100	50.050507
100.099129	100	50.052467
100.098145	100	50.053894
100.096825	100	50.055298
100.095261	100	50.056274
100.092827	100	50.056641
100.090431	100	50.057594
100.089775	100	50.058617
100.08847	100	50.059433
100.087173	100	50.061722
100.087967	100	50.062057
100.088669	100	50.061707
100.089867	100	50.05912
100.092033	100	50.055153
100.092949	100	50.053383
100.092438	100	50.052483
100.093132	100	50.051956
100.09169	100	50.051056
100.089767	100	50.04937
100.088516	100	50.047539
100.087524	100	50.045044
100.087738	100	50.04287
100.08902	100	50.040916
100.091675	100	50.039093
100.094849	100	50.037025
100.098473	100	50.035286
100.100853	100	50.033882
100.099869	100	50.032074
100.100143	100	50.031937
100.099525	100	50.033195
100.098099	100	50.034943
100.098175	100	50.035545
100.098892	100	50.03376
100.098206	100	50.030762
100.098045	100	50.027657
100.097244	100	50.024109
100.098701	100	50.01992
100.100128	100	50.015373
100.101456	100	50.011208
100.103279	100	50.007744
100.106094	100	50.005882
100.1092	100	50.002556
100.112312	100	50.000488
100.114189	100	49.998558
100.115158	100	49.995552
100.116013	100	49.992973
100.11763	100	49.988846
100.118729	100	49.986404
100.118118	100	49.982468
100.118904	100	49.978745
100.1185	100	49.977402
100.116875	100	49.978073
100.115929	100	49.977272
100.11541	100	49.976974
100.115616	100	49.977333
100.115356	100	49.97699
100.115685	100	49.976547
100.116135	100	49.975639
100.117699	100	49.974358
100.121117	100	49.972603
100.123207	100	49.969597
100.123405	100	49.967857
100.122444	100	49.965942
100.123199	100	49.964249
100.124306	100	49.963226
100.125504	100	49.963455
100.128387	100	49.962601
100.13327	100	49.96196
100.136986	100	49.95977
100.13887	100	49.957687
100.139252	100	49.959175
100.139275	100	49.960159
100.139923	100	49.96051
100.141846	100	49.960167
100.144257	100	49.960548
100.146172	100	49.961586
100.147743	100	49.9618
100.148705	100	49.961899
100.150795	100	49.962662
100.152702	100	49.962914
100.153137	100	49.963051
100.152649	100	49.962425
100.154907	100	49.961823
100.156731	100	49.963074
100.158188	100	49.964455
100.159294	100	49.965805
100.158142	100	49.966133
100.155609	100	49.967079
100.152435	100	49.968407
100.150085	100	49.968941
100.14872	100	49.967789
100.149384	100	49.965683
100.149811	100	49.965302
100.149094	100	49.967606
100.148224	100	49.970383
100.147369	100	49.972519
100.145668	100	49.97464
100.144073	100	49.976486
100.142738	100	49.978409
100.141922	100	49.978859
100.140083	100	49.978806
100.138596	100	49.979126
100.137276	100	49.979988
100.137276	100	49.983177
100.135864	100	49.98745
100.134262	100	49.990417
100.133316	100	49.991707
100.133781	100	49.992836
100.133949	100	49.99411
100.133034	100	49.997017
100.131142	100	49.998901
100.128487	100	49.999657
100.127464	100	50.001244
100.125877	100	50.004967
100.123634	100	50.007813
100.12088	100	50.009491
100.118851	100	50.011772
100.116882	100	50.014267
100.114868	100	50.0168
100.1129	100	50.018311
100.111397	100	50.018341
100.110031	100	50.019081
100.106735	100	50.02195
100.104118	100	50.026085
100.103477	100	50.028618
100.103157	100	50.029968
100.101349	100	50.031136
100.099655	100	50.030807
100.098717	100	50.030861
100.097954	100	50.031548
100.09774	100	50.032402
100.096199	100	50.033348
100.095703	100	50.03344
100.094559	100	50.033775
100.093048	100	50.03392
100.091011	100	50.035011
100.089828	100	50.036316
100.088684	100	50.036674
100.087639	100	50.035576
100.086746	100	50.034187
100.083717	100	50.033394
100.081894	100	50.032555
100.080673	100	50.032417
100.079636	100	50.031738
100.07872	100	50.03154
100.078705	100	50.031357
100.077988	100	50.031372
100.077438	100	50.030464
100.07666	100	50.029732
100.076454	100	50.029236
100.075836	100	50.02906
100.074814	100	50.031883
100.07457	100	50.033386
100.074867	100	50.034271
100.076324	100	50.035942
100.077065	100	50.036583
100.077415	100	50.037056
100.078606	100	50.038872
100.079834	100	50.040161
100.078369	100	50.040321
100.077339	100	50.038986
100.07486	100	50.038101
100.072289	100	50.035988
