[Graph\ Configuration]
Version=1
NrCurves=3
FFTNrCurves=0
Title=
XAxisLabel=Time / s
YAxisLabel=Current Position of axis1
Y2AxisLabel=Current Position of axis3
SameScaleXY=0
XAxisLinear=1
YAxisLinear=1
FFT=0
[Graph\ Configuration/Curve1]
CustomName=Current Position of axis1
XSliceArray=Current Position of axis1
XSliceName=Time
YSliceArray=Current Position of axis1
YSliceName=Current Position of axis1
[Graph\ Configuration/Curve1/style]
ColorRed=33
ColorGreen=67
ColorBlue=163
SolidPoint=1
LineType=100
PointSymbol=0
Width=2
Shown=1
Identify=1
Y2Axis=0
[Graph\ Configuration/Curve2]
CustomName=Target Position of axis1
XSliceArray=Current Position of axis1
XSliceName=Time
YSliceArray=Current Position of axis1
YSliceName=Target Position of axis1
[Graph\ Configuration/Curve2/style]
ColorRed=255
ColorGreen=154
ColorBlue=79
SolidPoint=1
LineType=100
PointSymbol=0
Width=2
Shown=1
Identify=1
Y2Axis=0
[Graph\ Configuration/Curve3]
CustomName=Current Position of axis3
XSliceArray=Current Position of axis1
XSliceName=Time
YSliceArray=Current Position of axis1
YSliceName=Current Position of axis3
[Graph\ Configuration/Curve3/style]
ColorRed=226
ColorGreen=0
ColorBlue=121
SolidPoint=1
LineType=100
PointSymbol=0
Width=2
Shown=1
Identify=1
Y2Axis=1
[GCS_ARRAY Current Position of axis1]
# VERSION = 1
# TYPE = 1
# SEPARATOR = 9
# DIM = 3
# SAMPLE_TIME = 5e-005
# NDATA = 2000
#
# NAME0 = Current Position of axis1
# NAME1 = Target Position of axis1
# NAME2 = Current Position of axis3
#
# END_HEADER
0.00515	0	49.989334
0.002108	0	49.989609
-0.001387	0	49.98941
-0.00279	0	49.989891
-0.0044	0	49.990448
-0.005136	0	49.991859
-0.004267	0	49.993477
-0.003811	0	49.994995
-0.004656	0	49.998276
-0.004221	0	49.99855
-0.004286	0	49.998711
-0.005306	0	49.997452
-0.004583	0	49.99498
-0.003523	0	49.993889
-0.000874	0	49.993935
0.00074	0	49.991844
0.003407	0	49.990143
0.004147	0	49.988564
0.003805	0	49.989136
0.003197	0	49.9897
0.001436	0	49.9897
-8.2e-005	0	49.991013
3.6e-005	0	49.992859
0.00049	0	49.992638
0.001019	0	49.992157
0.002296	0	49.993164
0.003206	0	49.99353
0.002703	0	49.995171
0.001467	0	49.996628
0.000868	0	49.997681
0.000202	0	49.999367
0.000608	0	49.999313
0.001741	0	49.998383
0.001745	0	49.99649
0.001925	0	49.993942
0.001171	0	49.993019
0.001768	0	49.993393
0.000755	0	49.992783
0.000769	0	49.991684
0.000534	0	49.991226
0.000242	0	49.99131
-0.000828	0	49.991577
-0.002333	0	49.991844
-0.002783	0	49.992096
-0.004395	0	49.992592
-0.005768	0	49.99218
-0.006121	0	49.992218
-0.007509	0	49.992744
-0.005886	0	49.992722
-0.00466	0	49.992638
-0.004061	0	49.994553
-0.00316	0	49.997398
-0.002483	0	49.999069
-0.00071	0	49.999969
0.001293	0	50.001221
0.004372	0	50.002388
0.00708	0	50.003181
0.008223	0	50.002869
0.007122	0	50.003922
0.005745	0	50.006248
0.005108	0	50.005669
0.004051	0	50.004189
0.003069	0	50.004662
0.002653	0	50.00573
0.002625	0	50.005157
0.004381	0	50.004539
0.006914	0	50.005196
0.008629	0	50.005348
0.007345	0	50.00563
0.005064	0	50.006737
0.002218	0	50.007927
-0.000132	0	50.006874
-0.002346	0	50.004494
-0.005823	0	50.002426
-0.007818	0	50.000206
-0.011362	0	49.997383
-0.013086	0	49.995445
-0.014645	0	49.994339
-0.015738	0	49.994438
-0.01561	0	49.995598
-0.013735	0	49.996323
-0.012316	0	49.997833
-0.011978	0	49.998222
-0.011831	0	49.997551
-0.011559	0	49.997826
-0.010086	0	49.997475
-0.008997	0	49.995255
-0.007969	0	49.994141
-0.006805	0	49.994057
-0.008333	0	49.993652
-0.009014	0	49.992706
-0.008238	0	49.99276
-0.006824	0	49.994698
-0.006088	0	49.996277
-0.004433	0	49.997063
-0.003071	0	49.995834
-0.0037	0	49.99604
-0.004665	0	49.995316
-0.004797	0	49.993477
-0.005836	0	49.993141
-0.00815	0	49.992546
-0.007662	0	49.991791
-0.006838	0	49.991447
-0.005886	0	49.991928
-0.004501	0	49.991562
-0.002855	0	49.991661
-0.000919	0	49.990662
-0.000811	0	49.989723
0.000334	0	49.990433
0.001764	0	49.991264
0.00337	0	49.992332
0.003466	0	49.993874
0.002296	0	49.994324
-0.000191	0	49.995453
-0.003262	0	49.996262
-0.005545	0	49.995796
-0.005152	0	49.996399
-0.00563	0	49.997925
-0.005486	0	49.999718
-0.005362	0	50.001389
-0.003569	0	50.0028
-0.001816	0	50.003365
-0.00086	0	50.005028
-0.000883	0	50.005226
-0.002441	0	50.00631
-0.002924	0	50.007439
-0.002878	0	50.007835
-0.002342	0	50.006439
-0.003229	0	50.004044
-0.004875	0	50.003471
-0.006111	0	50.00386
-0.009056	0	50.004425
-0.009998	0	50.003555
-0.01042	0	50.003296
-0.009953	0	50.002769
-0.008545	0	50.003517
-0.006212	0	50.00341
-0.004007	0	50.00235
-0.002396	0	50.001961
9.5e-005	0	50.002701
0.002918	0	50.004074
0.004845	0	50.005196
0.007666	0	50.005997
0.010899	0	50.005493
0.012138	0	50.002998
0.012796	0	50.003342
0.013634	0	50.001991
0.013432	0	50.000717
0.011749	0	49.999718
0.010454	0	49.999527
0.009373	0	49.999367
0.009338	0	49.999084
0.007492	0	49.997856
0.005526	0	49.997307
0.003904	0	49.996841
0.003338	0	49.996826
0.003531	0	49.997299
0.003746	0	49.997536
0.003132	0	49.998749
0.003101	0	49.999687
0.003996	0	50.000877
0.005346	0	50.003029
0.007135	0	50.004463
0.007547	0	50.004204
0.006145	0	50.00338
0.004326	0	50.005348
0.00338	0	50.00528
0.003197	0	50.006294
0.003384	0	50.006584
0.003466	0	50.006805
0.003183	0	50.006943
0.003014	0	50.007347
0.003626	0	50.006081
0.004803	0	50.004845
0.006708	0	50.003708
0.006731	0	50.003891
0.004444	0	50.003571
0.002693	0	50.001678
0.000347	0	50.001488
-0.001564	0	50.00106
-0.001747	0	50.000465
-0.00317	0	50.001648
-0.004135	0	50.002518
-0.005182	0	50.003677
-0.004574	0	50.003899
-0.003435	0	50.004402
-0.002012	0	50.003639
-0.001066	0	50.00251
-0.000824	0	50.002296
-0.00017	0	50.000961
0.000877	0	50.000511
0.002039	0	50.000504
0.002794	0	50.000679
0.00457	0	49.999519
0.008432	0	49.998863
0.011847	0	49.998772
0.013693	0	49.998505
0.014004	0	49.997513
0.01223	0	49.996513
0.009682	0	49.997124
0.006479	0	49.997467
0.005699	0	49.99649
0.005749	0	49.995041
0.004646	0	49.99588
0.003216	0	49.996712
0.000877	0	49.997688
-0.000732	0	49.998268
-0.000618	0	49.999359
3.2e-005	0	49.999847
-0.000206	0	50.000916
0.002066	0	50.001945
0.004185	0	50.002182
0.006334	0	50.00309
0.00745	0	50.005539
0.007351	0	50.007881
0.008232	0	50.009315
0.005379	0	50.010872
0.003242	0	50.011932
0.001221	0	50.010872
-0.000723	0	50.009918
-0.00252	0	50.008133
-0.003357	0	50.007912
-0.002777	0	50.008812
0.000347	0	50.009132
0.000782	0	50.008888
0.002352	0	50.008842
0.002329	0	50.008263
0.001312	0	50.006569
0.000923	0	50.004456
-0.001564	0	50.003761
-0.003019	0	50.003639
-0.003815	0	50.00412
-0.005312	0	50.00544
-0.006714	0	50.005341
-0.007786	0	50.005646
-0.007959	0	50.003845
-0.007044	0	50.002388
-0.004669	0	50.002335
-0.002974	0	50.002243
-0.001312	0	50.002563
-0.00082	0	50.00264
-0.000313	0	50.002289
-0.000372	0	50.002342
-0.000563	0	50.003059
0.001057	0	50.003647
0.003571	0	50.003769
0.004343	0	50.003471
0.002895	0	50.003738
0.001741	0	50.004044
0.000439	0	50.003769
-0.001335	0	50.005348
-0.001616	0	50.006905
-0.001465	0	50.007996
0.00037	0	50.008942
0.002192	0	50.007927
0.00338	0	50.00576
0.002762	0	50.003807
0.00214	0	50.00248
0.000937	0	50.00145
0.000471	0	50.001724
-0.000723	0	50.002586
0.000275	0	50.00164
0.001581	0	50.001396
0.001852	0	50.001785
0.001938	0	50.003639
0.000549	0	50.004967
-0.001226	0	50.005959
-0.003317	0	50.008194
-0.005554	0	50.009811
-0.007891	0	50.009636
-0.010393	0	50.009186
-0.011959	0	50.009735
-0.012665	0	50.011024
-0.012312	0	50.011368
-0.011847	0	50.011909
-0.011333	0	50.012016
-0.010178	0	50.010498
-0.00868	0	50.008972
-0.00815	0	50.006516
-0.008257	0	50.005127
-0.007622	0	50.003906
-0.008663	0	50.002541
-0.008827	0	50.002777
-0.008411	0	50.002144
-0.008408	0	50.000969
-0.008991	0	49.999542
-0.00812	0	49.997765
-0.005987	0	49.996582
-0.003641	0	49.996605
-0.002186	0	49.997528
-0.002872	0	49.998489
-0.004349	0	49.999229
-0.005146	0	50.000435
-0.006613	0	50.000267
-0.006559	0	50.000847
-0.0065	0	50.002869
-0.006363	0	50.003899
-0.0058	0	50.00367
-0.004299	0	50.005295
-0.004089	0	50.005196
-0.00419	0	50.004684
-0.004034	0	50.004921
-0.00423	0	50.004448
-0.00563	0	50.004852
-0.006353	0	50.006775
-0.00633	0	50.008148
-0.005447	0	50.007568
-0.003893	0	50.007385
-0.002689	0	50.006844
-0.001593	0	50.004868
-0.00103	0	50.003227
-0.001154	0	50.002579
-0.000269	0	50.002716
0.000877	0	50.000969
0.000982	0	49.999397
0.000978	0	49.997719
-8.2e-005	0	49.997314
-0.0002	0	49.997261
0.000877	0	49.996407
-3.6e-005	0	49.996071
-0.00156	0	49.99514
-0.003065	0	49.993507
-0.003805	0	49.992493
-0.00527	0	49.991516
-0.00622	0	49.990273
-0.006413	0	49.989815
-0.006674	0	49.990364
-0.006449	0	49.992195
-0.006289	0	49.995842
-0.006294	0	49.998611
-0.006979	0	50.000107
-0.006966	0	50.00042
-0.007666	0	50.000389
-0.00918	0	50.000252
-0.009495	0	49.999641
-0.008915	0	49.999413
-0.00728	0	49.999039
-0.005863	0	49.998032
-0.004221	0	49.996628
-0.003262	0	49.995491
-0.002304	0	49.994888
-0.002228	0	49.99472
-0.00124	0	49.995888
0.000732	0	49.998009
0.002663	0	49.998337
0.00395	0	49.998871
0.002316	0	49.999146
0.00075	0	49.999641
0.000658	0	49.99839
-0.000353	0	49.997688
-0.001442	0	49.996536
-0.001085	0	49.996269
0.001558	0	49.995682
0.003138	0	49.995758
0.003805	0	49.995415
0.004326	0	49.996025
0.002876	0	49.996811
0.001879	0	50.000443
0.001614	0	50.002914
0.001791	0	50.003029
0.00338	0	50.003479
0.003462	0	50.004333
0.002342	0	50.004692
0.001207	0	50.004272
0.000425	0	50.003227
0.001444	0	50.003128
0.002359	0	50.004326
0.002625	0	50.005226
0.002932	0	50.006882
0.002306	0	50.007904
0.001293	0	50.006615
0.000101	0	50.004684
-0.000486	0	50.002213
-0.000742	0	50.000679
-0.000961	0	49.999657
-0.000177	0	49.999596
3.2e-005	0	50.000076
-5.9e-005	0	50.00116
5e-005	0	50.002243
0.001961	0	50.003387
0.004593	0	50.003471
0.007002	0	50.002357
0.009047	0	50.003426
0.009966	0	50.004471
0.008867	0	50.004272
0.008387	0	50.003189
0.007963	0	50.002098
0.007885	0	50.002075
0.009073	0	50.000984
0.009426	0	49.999596
0.008242	0	49.998978
0.007158	0	49.997849
0.007053	0	49.995941
0.007715	0	49.994217
0.006901	0	49.99469
0.005775	0	49.995491
0.005539	0	49.995041
0.004633	0	49.996185
0.003786	0	49.995964
0.002762	0	49.994888
0.001783	0	49.993919
0.001797	0	49.99263
0.002352	0	49.992523
0.002205	0	49.991425
0.001774	0	49.99054
0.001545	0	49.989159
0.000343	0	49.988724
-0.000751	0	49.989479
-0.001963	0	49.991119
-0.002214	0	49.991791
-0.002878	0	49.993866
-0.003326	0	49.995743
-0.005453	0	49.997864
-0.007212	0	50.000237
-0.007973	0	50.002747
-0.006325	0	50.003174
-0.007557	0	50.004471
-0.008915	0	50.003723
-0.007322	0	50.003906
-0.006189	0	50.003639
-0.006304	0	50.003235
-0.006197	0	50.004601
-0.005127	0	50.004944
-0.00366	0	50.004509
-0.002405	0	50.004517
-0.001701	0	50.005226
-0.000124	0	50.004501
0.00058	0	50.003891
0.000526	0	50.003334
-0.000828	0	50.00386
-0.002291	0	50.004028
-0.0037	0	50.003082
-0.004889	0	50.00383
-0.004986	0	50.005211
-0.004158	0	50.006538
-0.004971	0	50.007492
-0.005215	0	50.008553
-0.005198	0	50.008636
-0.005947	0	50.008484
-0.006281	0	50.007278
-0.006842	0	50.003944
-0.005713	0	50.00135
-0.00522	0	49.999123
-0.004341	0	49.997482
-0.003441	0	49.996887
-0.001276	0	49.996635
0.000406	0	49.995178
0.001791	0	49.993492
0.00227	0	49.992912
0.00285	0	49.992203
0.002584	0	49.993538
0.001194	0	49.995644
-0.000105	0	49.997566
-0.000751	0	49.99855
-0.001753	0	49.999146
-0.002676	0	49.999695
-0.004774	0	49.997513
-0.007257	0	49.995377
-0.010256	0	49.992706
-0.012533	0	49.989342
-0.013451	0	49.988068
-0.012423	0	49.988441
-0.011137	0	49.989769
-0.009338	0	49.990211
-0.010181	0	49.989952
-0.01004	0	49.990173
-0.00692	0	49.991112
-0.004793	0	49.991119
-0.002365	0	49.992195
-1.7e-005	0	49.99295
0.001961	0	49.993263
0.004238	0	49.993355
0.00462	0	49.992867
0.004679	0	49.992287
0.005365	0	49.993332
0.004784	0	49.995537
0.003174	0	49.998581
0.001902	0	49.999352
0.001774	0	49.998947
5e-005	0	49.998749
-0.000687	0	49.998589
-0.00017	0	49.998978
0.000557	0	50.000755
0.000288	0	50.001663
0.000439	0	50.001549
0.000919	0	50.000122
0.001709	0	49.998627
0.003731	0	49.998367
0.005955	0	49.99868
0.006649	0	49.998528
0.004496	0	49.998802
0.003723	0	49.999146
0.002951	0	49.99865
0.003279	0	49.999313
0.004002	0	50.00087
0.005644	0	50.002388
0.007263	0	50.003387
0.009342	0	50.003288
0.01137	0	50.003036
0.01174	0	50.003525
0.011892	0	50.003876
0.010601	0	50.003754
0.010372	0	50.003838
0.009386	0	50.004639
0.006374	0	50.0047
0.003937	0	50.004829
0.001482	0	50.004333
-0.000381	0	50.005066
-0.001482	0	50.004959
-0.002634	0	50.004425
-0.002666	0	50.002495
-0.002447	0	50.001022
-9.2e-005	0	49.999702
-0.000233	0	49.999847
-0.000427	0	50.000458
-0.001289	0	50.000832
-0.001341	0	49.999329
-0.002146	0	49.998817
-0.002777	0	49.998314
-0.004364	0	49.998276
-0.004774	0	49.998528
-0.005228	0	49.998795
-0.005371	0	49.998299
-0.006166	0	49.996529
-0.006111	0	49.995537
-0.005938	0	49.994514
-0.005228	0	49.992821
-0.004034	0	49.990715
-0.003458	0	49.989532
-0.003349	0	49.989586
-0.003092	0	49.987511
-0.002035	0	49.987038
-0.000866	0	49.985733
0.001381	0	49.983543
0.005095	0	49.983238
0.008863	0	49.983124
0.011246	0	49.98291
0.011314	0	49.983696
0.010107	0	49.985062
0.00832	0	49.987831
0.007524	0	49.989998
0.005955	0	49.992348
0.006855	0	49.993431
0.007669	0	49.995125
0.009569	0	49.996338
0.009655	0	49.998947
0.00955	0	50.000259
0.00972	0	50.000458
0.009661	0	50.00074
0.009628	0	50.000847
0.010044	0	50.002625
0.009674	0	50.003922
0.009123	0	50.005783
0.010826	0	50.006538
0.013226	0	50.006592
0.012636	0	50.006218
0.011223	0	50.007446
0.009014	0	50.008965
0.005781	0	50.009399
0.003635	0	50.008896
0.002329	0	50.007233
0.000786	0	50.005714
-0.000473	0	50.00631
-0.001112	0	50.006973
-0.002777	0	50.007805
-0.002914	0	50.007149
-0.00161	0	50.008316
-0.002081	0	50.009125
-0.002699	0	50.009872
-0.000938	0	50.010445
-0.001692	0	50.010643
-0.001766	0	50.011246
-0.000582	0	50.011253
0.000595	0	50.012428
0.001431	0	50.013222
0.002571	0	50.011215
0.00358	0	50.008965
0.002895	0	50.007675
0.000814	0	50.006958
-0.000546	0	50.00563
-0.002684	0	50.00441
-0.004807	0	50.004303
-0.005234	0	50.003426
-0.004414	0	50.000748
-0.003811	0	49.996498
-0.003176	0	49.993652
-0.003244	0	49.99144
-0.004116	0	49.990601
-0.00338	0	49.992256
-0.001472	0	49.993584
0.000311	0	49.995422
0.001362	0	49.995186
0.000837	0	49.994781
-0.000526	0	49.993721
-0.001318	0	49.993874
-0.00161	0	49.99427
-0.001816	0	49.994568
-0.00135	0	49.99472
-0.000292	0	49.994247
0.000393	0	49.993324
-4e-005	0	49.993896
0.001024	0	49.995583
0.001476	0	49.996956
0.001444	0	49.99823
0.002218	0	49.999237
0.002594	0	50.000908
0.001944	0	50.0019
-2.3e-005	0	50.001602
-0.001802	0	50.001144
-0.003962	0	49.999573
-0.006151	0	49.998367
-0.007799	0	49.997543
-0.007547	0	49.996101
-0.007061	0	49.995316
-0.005745	0	49.993713
-0.005791	0	49.991943
-0.005548	0	49.990326
-0.005022	0	49.989937
-0.005585	0	49.988121
-0.006765	0	49.986427
-0.007799	0	49.985336
-0.006943	0	49.985512
-0.006197	0	49.986748
-0.005562	0	49.989349
-0.004885	0	49.992676
-0.005791	0	49.995178
-0.006088	0	49.99691
-0.005257	0	49.998535
-0.003714	0	50.00013
-0.004194	0	50.001114
-0.005608	0	50.003159
-0.00709	0	50.003677
-0.007645	0	50.005783
-0.008408	0	50.007324
-0.008892	0	50.006287
-0.008018	0	50.00544
-0.006325	0	50.004478
-0.003874	0	50.003189
-0.001934	0	50.003548
-0.001949	0	50.005348
-0.00247	0	50.00605
-0.002094	0	50.006348
-0.002039	0	50.005241
-0.002602	0	50.002846
-0.003998	0	50.000122
-0.005915	0	49.998573
-0.006016	0	49.997513
-0.006033	0	49.997253
-0.00527	0	49.996498
-0.004181	0	49.996674
-0.003841	0	49.997147
-0.002979	0	49.998093
-0.002304	0	49.998344
-0.000942	0	49.998619
0.000284	0	49.999039
0.00128	0	50.000061
0.000809	0	50.001549
2.9e-005	0	50.004776
-0.001871	0	50.006638
-0.002205	0	50.008781
-0.002552	0	50.009834
-0.002117	0	50.010445
-0.001734	0	50.009811
-0.001888	0	50.007362
-0.00107	0	50.006393
0.000288	0	50.006073
0.001148	0	50.004074
0.000998	0	50.003235
0.00053	0	50.003189
0.000338	0	50.005447
-0.00049	0	50.007706
-0.000559	0	50.008125
0.000393	0	50.007416
0.001957	0	50.007881
0.003695	0	50.009033
0.004097	0	50.008377
0.003708	0	50.006378
0.004513	0	50.005157
0.00379	0	50.003792
0.002218	0	50.001823
-0.000618	0	50.000214
-0.001665	0	49.998901
-0.002136	0	49.998375
-0.003349	0	49.998383
-0.004633	0	49.998039
-0.005407	0	49.998177
-0.004633	0	49.998093
-0.004107	0	49.996536
-0.004545	0	49.996262
-0.003448	0	49.996819
-0.002478	0	49.997192
-0.000828	0	49.999474
0.001358	0	50.001541
0.002935	0	50.003403
0.003813	0	50.004372
0.003374	0	50.005241
0.003677	0	50.006447
0.002548	0	50.007278
0.000563	0	50.006912
-0.000174	0	50.00592
0.0009	0	50.00444
0.001911	0	50.003479
0.002571	0	50.003876
0.001938	0	50.004944
0.001768	0	50.005447
0.002264	0	50.006203
0.002424	0	50.006577
0.002043	0	50.00589
0.001348	0	50.004959
0.001028	0	50.003815
0.000389	0	50.002686
0.000608	0	50.002007
0.000929	0	49.999435
0.000772	0	49.997772
0.001755	0	49.995888
0.001692	0	49.995918
0.002598	0	49.996315
0.00247	0	49.995842
0.002644	0	49.996513
0.003033	0	49.996468
0.002745	0	49.996483
0.000959	0	49.996628
-0.000269	0	49.998207
0.000799	0	49.999649
0.001499	0	50.00238
0.001368	0	50.005745
9.2e-005	0	50.006355
-0.000376	0	50.006805
4.2e-005	0	50.007767
0.000315	0	50.008698
0.001549	0	50.00901
0.002136	0	50.008789
0.001856	0	50.007805
0.001116	0	50.006477
0	0	50.006622
0.000786	0	50.005836
0.001957	0	50.004875
0.003439	0	50.003838
0.004431	0	50.003906
0.004097	0	50.004646
0.003393	0	50.005653
0.002483	0	50.00631
0.000612	0	50.004791
-0.001514	0	50.00351
-0.0023	0	50.002945
-0.002575	0	50.002769
-0.003294	0	50.00341
-0.002153	0	50.003151
-0.002016	0	50.00238
-0.002214	0	50.003624
-0.001747	0	50.005623
-0.001419	0	50.007439
-0.001308	0	50.009026
-0.001007	0	50.009926
-0.000673	0	50.011536
9.2e-005	0	50.011887
0.001686	0	50.012497
0.002886	0	50.013077
0.002703	0	50.013756
0.001427	0	50.014099
-0.000435	0	50.01371
-0.001707	0	50.012596
-0.00198	0	50.012337
-0.001606	0	50.011726
-0.001085	0	50.010666
-0.000723	0	50.008995
-0.00065	0	50.00737
5.5e-005	0	50.006218
-0.000975	0	50.006165
-0.001789	0	50.0047
-0.002615	0	50.003456
-0.003929	0	50.000465
-0.00338	0	49.997231
-0.00108	0	49.994377
-0.00086	0	49.993675
0.000383	0	49.993843
0.00127	0	49.993103
0.001768	0	49.994217
0.002155	0	49.994293
0.002909	0	49.995255
0.003357	0	49.996864
0.003004	0	49.998756
0.002598	0	50.00074
0.003704	0	50.001869
0.003973	0	50.002014
0.005136	0	50.003036
0.005232	0	50.001663
0.005251	0	50.001297
0.005072	0	50.000076
0.003881	0	49.99987
0.003489	0	49.999306
0.00289	0	49.997849
0.002872	0	49.996925
0.00227	0	49.996887
0.001217	0	49.996292
-0.000317	0	49.996552
-0.001862	0	49.998672
-0.001904	0	50.000847
-0.001587	0	50.003944
-0.002369	0	50.006996
-0.00272	0	50.008453
-0.001816	0	50.010208
-0.00082	0	50.011452
0.000301	0	50.011604
0.00198	0	50.010666
0.002071	0	50.008636
0.003639	0	50.006081
0.002981	0	50.002983
0.003351	0	50.000015
0.004534	0	49.999786
0.005301	0	49.999451
0.005785	0	49.999222
0.005373	0	49.999184
0.003613	0	49.999741
0.000809	0	50.000824
-0.001972	0	50.002235
-0.005754	0	50.001831
-0.008448	0	50.000687
-0.008768	0	49.999977
-0.008768	0	49.999702
-0.008535	0	49.999222
-0.007008	0	49.997917
-0.005127	0	49.997253
-0.004217	0	49.994667
-0.004372	0	49.993843
-0.004473	0	49.992546
-0.005365	0	49.992493
-0.005909	0	49.993179
-0.004875	0	49.993523
-0.004162	0	49.992729
-0.003183	0	49.991837
-0.00268	0	49.992004
-0.002451	0	49.99131
-0.003998	0	49.990852
-0.005613	0	49.991264
-0.006559	0	49.990463
-0.005072	0	49.991119
-0.002615	0	49.992386
-0.001532	0	49.994232
-0.002016	0	49.996666
-0.001839	0	49.998756
-0.002901	0	50.001213
-0.003674	0	50.002327
-0.00444	0	50.002892
-0.003563	0	50.004776
-0.003971	0	50.004135
-0.004427	0	50.003204
-0.003893	0	50.001671
-0.004194	0	49.998955
-0.005058	0	49.996437
-0.005621	0	49.993805
-0.007175	0	49.992661
-0.007547	0	49.99395
-0.006636	0	49.996117
-0.005068	0	49.9972
-0.003448	0	49.996826
-0.000784	0	49.998039
0.001987	0	49.999146
0.005447	0	49.999748
0.008625	0	49.999435
0.010145	0	49.997665
0.011272	0	49.996948
0.010509	0	49.997025
0.009399	0	49.997566
0.009399	0	49.999191
0.009678	0	50.001358
0.009871	0	50.002182
0.010336	0	50.001877
0.010935	0	50.00164
0.012335	0	50.001602
0.014128	0	50.002121
0.014582	0	50.002197
0.014399	0	50.001488
0.014553	0	50.001709
0.013021	0	50.001686
0.012606	0	50.003189
0.012747	0	50.005585
0.011492	0	50.00753
0.009237	0	50.011284
0.006302	0	50.013618
0.003956	0	50.01387
0.002075	0	50.012558
-4e-005	0	50.0103
-0.001469	0	50.005875
-0.002689	0	50.001595
-0.003193	0	49.999405
-0.003756	0	49.997551
-0.00404	0	49.996902
-0.00424	0	49.996231
-0.005758	0	49.995552
-0.00675	0	49.994644
-0.008444	0	49.993721
-0.008909	0	49.994034
-0.009317	0	49.993256
-0.009985	0	49.992599
-0.010826	0	49.992455
-0.010557	0	49.99334
-0.009317	0	49.993576
-0.006248	0	49.994545
-0.003326	0	49.995369
0.000937	0	49.995628
0.003366	0	49.996902
0.004316	0	49.99839
0.003508	0	49.999794
0.001741	0	50.000671
-0.000256	0	50.000641
-0.000326	0	50.001617
0.000128	0	50.002777
-0.001419	0	50.002556
-0.001774	0	50.002235
-0.001003	0	50.001961
-0.0012	0	50.00238
-0.000843	0	50.001595
-0.001633	0	50.000343
-0.002941	0	49.999184
-0.003674	0	49.997627
-0.003294	0	49.995407
-0.002172	0	49.994621
-0.002022	0	49.994423
-0.002117	0	49.994034
-0.002342	0	49.994217
-0.003532	0	49.995712
-0.003376	0	49.996338
-0.003956	0	49.996918
-0.004583	0	49.995819
-0.004816	0	49.993996
-0.004139	0	49.991341
-0.00301	0	49.989021
-0.00161	0	49.98806
-0.001446	0	49.985931
-0.002281	0	49.986656
-0.002438	0	49.989006
-0.003979	0	49.990387
-0.006111	0	49.991531
-0.007832	0	49.992264
-0.009125	0	49.993484
-0.010845	0	49.993797
-0.012596	0	49.994652
-0.014549	0	49.996178
-0.014948	0	49.998787
-0.01383	0	50.00042
-0.013424	0	50.001923
-0.013332	0	50.003403
-0.012161	0	50.003181
-0.010159	0	50.003403
-0.008188	0	50.003983
-0.005045	0	50.003975
-0.001638	0	50.003746
0.000366	0	50.003387
0.002708	0	50.002396
0.005301	0	50.00032
0.007309	0	49.998047
0.007977	0	49.994629
0.008356	0	49.993431
0.009998	0	49.993942
0.011187	0	49.993637
0.011501	0	49.994797
0.010651	0	49.99556
0.010569	0	49.995735
0.010359	0	49.995987
0.009363	0	49.995888
0.008585	0	49.996155
0.006224	0	49.998184
0.005238	0	49.998489
0.003216	0	49.998566
0.001646	0	49.998764
-0.000105	0	49.999321
-0.001459	0	50.000542
-0.002888	0	50.001595
-0.004129	0	50.001648
-0.004414	0	50.002487
-0.004427	0	50.002838
-0.004833	0	50.003128
-0.006773	0	50.002319
-0.007708	0	50.001038
-0.007051	0	50.000801
-0.006144	0	50.001686
-0.007158	0	50.003273
-0.007776	0	50.004585
-0.007593	0	50.005524
-0.006924	0	50.005646
-0.005175	0	50.005951
-0.002291	0	50.006432
1e-005	0	50.005646
0.001554	0	50.004837
0.003704	0	50.005295
0.005209	0	50.005936
0.006073	0	50.006149
0.005205	0	50.005417
0.004528	0	50.005737
0.004963	0	50.005501
0.004669	0	50.006905
0.006096	0	50.009361
0.007524	0	50.009773
0.008923	0	50.00946
0.00816	0	50.008644
0.006319	0	50.007721
0.004179	0	50.007126
0.000641	0	50.005959
-0.003281	0	50.003937
-0.005571	10	50.00367
-0.006052	10	50.003548
-0.006517	10	50.00444
-0.006262	10	50.004128
-0.005486	10	50.003899
-0.00354	10	50.002251
-0.001802	10	50.001221
-0.002388	10	50.000229
-0.002058	10	49.998741
-0.000851	10	49.998116
-2.3e-005	10	49.997849
0.000298	10	49.997711
0.000435	10	49.995758
0.001106	10	49.995178
0.003593	10	49.995331
0.004381	10	49.994652
0.004944	10	49.995186
0.004911	10	49.994408
0.004894	10	49.995735
0.005278	10	49.995377
0.004711	10	49.994514
0.003796	10	49.995384
0.003302	10	49.995712
0.002958	10	49.997498
0.003891	10	49.999847
0.0061	10	50.001198
0.007011	10	50.001488
0.009274	10	50.001244
0.011734	10	50.000893
0.012522	10	49.999802
0.013401	10	49.999825
0.015623	10	50.001404
0.016474	10	50.002419
0.017412	10	50.003815
0.019512	10	50.004021
0.02162	10	50.005386
0.0222	10	50.005257
0.023443	10	50.005157
0.024282	10	50.004646
0.025278	10	50.006248
0.02751	10	50.006615
0.031517	10	50.007507
0.034184	10	50.008118
0.037125	10	50.007416
0.040722	10	50.006065
0.045187	10	50.003662
0.048943	10	50.003273
0.050314	10	50.001854
0.051619	10	50.000153
0.051786	10	49.998703
0.052546	10	49.997856
0.054325	10	49.99691
0.055912	10	49.994629
0.057623	10	49.993347
0.061739	10	49.992271
0.067459	10	49.991119
0.073914	10	49.990036
0.079857	10	49.989326
0.085934	10	49.98819
0.09198	10	49.987724
0.097332	10	49.987572
0.103899	10	49.987671
0.110004	10	49.987572
0.115122	10	49.988678
0.118683	10	49.989799
0.122898	10	49.990189
0.127453	10	49.991493
0.134811	10	49.99218
0.143389	10	49.992401
0.151598	10	49.993073
0.160635	10	49.992241
0.16831	10	49.990547
0.175066	10	49.990906
0.181536	10	49.99192
0.188602	10	49.993988
0.195879	10	49.996399
0.204273	10	49.998581
0.214249	10	49.999939
0.224028	10	49.999474
0.233934	10	49.999306
0.244785	10	49.999435
0.255726	10	49.99794
0.264023	10	49.996689
0.271715	10	49.996338
0.280313	10	49.997124
0.288502	10	49.997009
0.296843	10	49.99971
0.307308	10	50.004234
0.31797	10	50.006805
0.328342	10	50.008934
0.33753	10	50.010208
0.346445	10	50.010574
0.355515	10	50.010818
0.365267	10	50.010872
0.376801	10	50.009369
0.388733	10	50.00782
0.402216	10	50.006454
0.41864	10	50.00634
0.432457	10	50.006721
0.444956	10	50.006325
0.457502	10	50.006241
0.471155	10	50.006737
0.486111	10	50.007721
0.50094	10	50.008171
0.515877	10	50.007835
0.53108	10	50.008286
0.5467	10	50.01181
0.563295	10	50.014465
0.580996	10	50.017075
0.598286	10	50.018448
0.614344	10	50.01931
0.630247	10	50.016411
0.646341	10	50.014526
0.663275	10	50.01313
0.681057	10	50.010368
0.698088	10	50.009201
0.715597	10	50.008026
0.733183	10	50.00592
0.750834	10	50.004547
0.767609	10	50.005157
0.786356	10	50.004509
0.806448	10	50.00322
0.826517	10	50.002701
0.846666	10	50.002731
0.86759	10	50.002541
0.888021	10	50.00235
0.908693	10	50.00177
0.928177	10	50.001526
0.949194	10	50.002998
0.967703	10	50.004082
0.987545	10	50.005257
1.007769	10	50.005463
1.028818	10	50.005089
1.049633	10	50.004181
1.071505	10	50.003998
1.094282	10	50.004372
1.117167	10	50.003723
1.139311	10	50.002441
1.161945	10	50.000847
1.18545	10	49.999214
1.209	10	49.999847
1.233007	10	50.00058
1.25786	10	50.000778
1.282019	10	50.002327
1.306435	10	50.004593
1.331533	10	50.004738
1.35799	10	50.00412
1.384388	10	50.003769
1.409651	10	50.003365
1.434134	10	50.00148
1.458656	10	50.000732
1.482166	10	49.999924
1.506672	10	49.999611
1.532761	10	49.998589
1.559006	10	49.998726
1.585779	10	49.998154
1.61371	10	49.998062
1.640783	10	49.998772
1.666945	10	50.000404
1.693459	10	50.002022
1.719488	10	50.003456
1.745672	10	50.005028
1.770475	10	50.004463
1.795738	10	50.003174
1.823826	10	50.001198
1.851688	10	50.001022
1.880751	10	50.00177
1.909523	10	50.002327
1.937479	10	50.002602
1.965113	10	50.002571
1.992962	10	50.000954
2.01997	10	49.999039
2.047001	10	49.997444
2.074928	10	49.996986
2.102955	10	49.996437
2.129673	10	49.996399
2.156233	10	49.995796
2.182999	10	49.995796
2.207928	10	49.997017
2.234762	10	49.996727
2.262573	10	49.997345
2.290394	10	49.996162
2.316565	10	49.995415
2.342533	10	49.996391
2.368752	10	49.995689
2.395151	10	49.995331
2.421148	10	49.994377
2.448717	10	49.995689
2.476114	10	49.997635
2.503984	10	49.999222
2.532246	10	49.999672
2.560534	10	49.999451
2.588781	10	49.998131
2.616594	10	49.997162
2.644608	10	49.998283
2.674374	10	49.998528
2.703276	10	49.999413
2.732599	10	49.999619
2.761446	10	49.999741
2.79026	10	49.99929
2.817327	10	49.998657
2.845863	10	49.998802
2.874979	10	49.999466
2.903606	10	49.999809
2.930737	10	49.999168
2.957802	10	49.997688
2.98568	10	49.996986
3.014631	10	49.996834
3.043083	10	49.997513
3.071482	10	49.997833
3.099779	10	49.998375
3.126427	10	49.996956
3.153158	10	49.994225
3.181362	10	49.992378
3.208876	10	49.98954
3.235134	10	49.986046
3.261808	10	49.984909
3.287939	10	49.983948
3.31131	10	49.982353
3.336769	10	49.981239
3.363762	10	49.981728
3.390682	10	49.982124
3.416983	10	49.982224
3.442333	10	49.982529
3.468575	10	49.983536
3.494287	10	49.983719
3.519804	10	49.983742
3.54566	10	49.982552
3.570993	10	49.982353
3.596977	10	49.981682
3.622786	10	49.980438
3.648785	10	49.97982
3.675426	10	49.981178
3.701418	10	49.9823
3.727795	10	49.982811
3.753435	10	49.983238
3.778765	10	49.985237
3.804739	10	49.988922
3.831371	10	49.991592
3.857241	10	49.993462
3.882639	10	49.994476
3.906702	10	49.996384
3.931757	10	49.998138
3.956171	10	50
3.981642	10	50.002289
4.005062	10	50.002632
4.027359	10	50.001823
4.049303	10	50.001259
4.07131	10	50.000702
4.092512	10	50.001213
4.115053	10	50.001808
4.13872	10	50.003311
4.161222	10	50.004593
4.184746	10	50.005554
4.208424	10	50.00631
4.231777	10	50.006813
4.256529	10	50.005493
4.280502	10	50.004097
4.303759	10	50.003242
4.327951	10	50.001923
4.351149	10	50.000931
4.375093	10	49.999763
4.399403	10	49.998726
4.423727	10	49.998131
4.446636	10	49.998131
4.46912	10	49.997101
4.491823	10	49.995819
4.515108	10	49.995041
4.538864	10	49.996552
4.562624	10	49.998482
4.588667	10	50.000587
4.614426	10	50.002945
4.638245	10	50.003563
4.662109	10	50.004456
4.68469	10	50.005257
4.707579	10	50.006622
4.731873	10	50.007149
4.755289	10	50.00898
4.780233	10	50.010506
4.805761	10	50.011818
4.831318	10	50.012978
4.855141	10	50.013557
4.877663	10	50.012421
4.899418	10	50.011772
4.922899	10	50.009987
4.946249	10	50.010696
4.968708	10	50.012039
4.990532	10	50.014458
5.012411	10	50.017593
5.033709	10	50.018585
5.055632	10	50.018837
5.077438	10	50.017792
5.096905	10	50.016624
5.11734	10	50.014702
5.13798	10	50.012375
5.157238	10	50.009438
5.177902	10	50.0065
5.200026	10	50.005363
5.222368	10	50.007042
5.244667	10	50.008011
5.267738	10	50.008759
5.289951	10	50.008469
5.312105	10	50.009407
5.333509	10	50.008934
5.355162	10	50.008568
5.377724	10	50.008041
5.39986	10	50.009041
5.421543	10	50.010132
5.44208	10	50.011734
5.46162	10	50.011909
5.479733	10	50.01239
5.498901	10	50.012558
5.517208	10	50.011024
5.537712	10	50.010399
5.557104	10	50.008736
5.576797	10	50.009071
5.59762	10	50.008835
5.616913	10	50.007774
5.637661	10	50.007164
5.658171	10	50.007195
5.679228	10	50.006439
5.700636	10	50.005585
5.722031	10	50.003761
5.742493	10	50.002342
5.764345	10	50.001755
5.786098	10	50.001587
5.806591	10	50.002625
5.825438	10	50.003296
5.842686	10	50.005089
5.85891	10	50.00576
5.874874	10	50.00515
5.892054	10	50.005608
5.909657	10	50.005341
5.92977	10	50.004333
5.95005	10	50.003128
5.96978	10	50.000839
5.987846	10	49.998978
6.007076	10	49.997444
6.027126	10	49.996407
6.048275	10	49.995178
6.067804	10	49.993195
6.086561	10	49.993141
6.106573	10	49.991913
6.12677	10	49.990791
6.146973	10	49.991249
6.167099	10	49.991219
6.185427	10	49.991035
6.203207	10	49.991844
6.219786	10	49.991905
6.23662	10	49.991371
6.253201	10	49.990997
6.269787	10	49.991829
6.287159	10	49.992035
6.30331	10	49.992828
6.318655	10	49.992744
6.334122	10	49.992439
6.352001	10	49.991379
6.370634	10	49.991562
6.388889	10	49.990265
6.405643	10	49.991104
6.421333	10	49.991989
6.437149	10	49.992859
6.453224	10	49.99337
6.469635	10	49.994431
6.487667	10	49.997475
6.506807	10	49.998909
6.527081	10	49.99926
6.546524	10	49.998856
6.565079	10	49.999382
6.581867	10	49.999329
6.59897	10	50.000153
6.616003	10	50.000648
6.630552	10	50.001259
6.644449	10	50.001434
6.659103	10	50.002098
6.672796	10	50.002754
6.687428	10	50.002388
6.702261	10	50.002014
6.715599	10	50.00013
6.727539	10	49.999504
6.739307	10	50.000443
6.752583	10	50.002632
6.766081	10	50.003159
6.780539	10	50.002701
6.795464	10	50.001953
6.810116	10	50.001305
6.825716	10	50.000305
6.840868	10	49.999054
6.856792	10	49.997757
6.873413	10	49.997261
6.890566	10	49.997025
6.907364	10	49.996979
6.92227	10	49.99646
6.93572	10	49.996597
6.948708	10	49.997406
6.961468	10	49.997154
6.973763	10	49.997078
6.987257	10	49.996719
7.000042	10	49.997162
7.011789	10	49.999153
7.02363	10	50.002495
7.036005	10	50.004639
7.049685	10	50.007317
7.06333	10	50.008331
7.077253	10	50.006851
7.092848	10	50.004585
7.10783	10	50.003883
7.121853	10	50.002563
7.137466	10	50.001129
7.153393	10	49.999397
7.168642	10	49.99807
7.183876	10	49.998253
7.197184	10	49.998711
7.210634	10	49.999092
7.224592	10	49.999878
7.239693	10	50.001213
7.252745	10	50.000557
7.264	10	50.001633
7.276485	10	50.001778
7.288471	10	50.002068
7.30006	10	50.003242
7.312859	10	50.004723
7.325855	10	50.00798
7.339724	10	50.010025
7.35387	10	50.010452
7.366726	10	50.010391
7.379143	10	50.010078
7.392607	10	50.009598
7.405102	10	50.008606
7.41807	10	50.009254
7.432325	10	50.009918
7.446791	10	50.010666
7.462156	10	50.010002
7.476879	10	50.010201
7.490145	10	50.009415
7.501972	10	50.009117
7.511398	10	50.008545
7.521822	10	50.008789
7.53179	10	50.007881
7.541613	10	50.006447
7.552526	10	50.004631
7.565176	10	50.002846
7.57803	10	50.002007
7.590273	10	50.00119
7.604019	10	49.999733
7.617851	10	49.996841
7.630688	10	49.995224
7.64319	10	49.994781
7.656471	10	49.993492
7.66843	10	49.993774
7.680891	10	49.994171
7.693125	10	49.995232
7.705872	10	49.997063
7.7188	10	49.998238
7.73106	10	49.997643
7.742887	10	49.997673
7.756346	10	49.999329
7.769333	10	50.00042
7.781717	10	50.000237
7.793297	10	49.998817
7.804548	10	49.999023
7.81601	10	49.999451
7.826841	10	50.000214
7.83666	10	49.999825
7.847404	10	49.999191
7.856489	10	49.998703
7.866392	10	49.997749
7.876625	10	49.997787
7.887291	10	49.997917
7.896936	10	49.999413
7.90782	10	49.999451
7.918859	10	49.998611
7.930498	10	49.997299
7.941586	10	49.996155
7.951874	10	49.996147
7.96032	10	49.995285
7.9704	10	49.995346
7.980808	10	49.995079
7.992121	10	49.99559
8.002695	10	49.996529
8.012775	10	49.996391
8.021688	10	49.996635
8.030157	10	49.997246
8.038658	10	49.997284
8.047125	10	49.996544
8.056009	10	49.99514
8.066538	10	49.994377
8.077026	10	49.995384
8.088406	10	49.995163
8.100817	10	49.995255
8.112497	10	49.996559
8.123783	10	49.997047
8.132866	10	49.997299
8.141684	10	49.996712
8.150774	10	49.995522
8.161032	10	49.997116
8.170717	10	49.997955
8.180948	10	49.996689
8.190889	10	49.996582
8.200577	10	49.994759
8.209475	10	49.994026
8.218063	10	49.994614
8.22711	10	49.996269
8.235693	10	49.996742
8.242764	10	49.995728
8.250139	10	49.994225
8.258385	10	49.992554
8.266613	10	49.991119
8.274937	10	49.99073
8.282413	10	49.990242
8.291452	10	49.98867
8.300045	10	49.987556
8.309366	10	49.986664
8.317333	10	49.98558
8.325413	10	49.985062
8.333616	10	49.983498
8.34091	10	49.982964
8.347935	10	49.983337
8.355824	10	49.98217
8.364811	10	49.980927
8.373875	10	49.979591
8.382128	10	49.979927
8.390785	10	49.979736
8.399073	10	49.982697
8.407881	10	49.983017
8.416765	10	49.983444
8.424997	10	49.986603
8.43255	10	49.989601
8.439827	10	49.99086
8.44643	10	49.992119
8.451736	10	49.994743
8.457983	10	49.997147
8.465244	10	49.999168
8.473993	10	50.000687
8.482992	10	50.001106
8.49139	10	50.000755
8.500555	10	50.000038
8.509449	10	50.000328
8.518557	10	50.001602
8.527517	10	50.002892
8.535305	10	50.003281
8.54394	10	50.00528
8.552696	10	50.006622
8.560062	10	50.00676
8.567371	10	50.0065
8.573553	10	50.005966
8.581409	10	50.006325
8.589167	10	50.006294
8.597013	10	50.00338
8.602392	10	50.001671
8.607962	10	50.001144
8.615156	10	50.003693
8.623053	10	50.006142
8.630068	10	50.006813
8.638271	10	50.00779
8.646074	10	50.008858
8.65468	10	50.010651
8.663473	10	50.010345
8.670197	10	50.009308
8.675579	10	50.00705
8.682014	10	50.004478
8.687862	10	50.00206
8.694008	10	49.999825
8.700281	10	49.998039
8.70583	10	49.996689
8.711994	10	49.997467
8.719088	10	49.998711
8.724783	10	49.999931
8.731569	10	50.000771
8.737667	10	50.001251
8.744686	10	50.004272
8.752562	10	50.00666
8.761158	10	50.010025
8.768612	10	50.011772
8.774622	10	50.012833
8.781467	10	50.01284
8.787998	10	50.012413
8.794304	10	50.011658
8.799187	10	50.011063
8.803707	10	50.010063
8.807917	10	50.008278
8.813314	10	50.005646
8.819155	10	50.003937
8.824835	10	50.003151
8.831133	10	50.002747
8.838976	10	50.002998
8.845081	10	50.003014
8.849527	10	50.003601
8.853907	10	50.00473
8.860081	10	50.005814
8.867695	10	50.006111
8.875132	10	50.007042
8.88253	10	50.009628
8.890163	10	50.01162
8.898252	10	50.013412
8.90621	10	50.013542
8.913422	10	50.014267
8.919394	10	50.014214
8.924479	10	50.014343
8.928532	10	50.014488
8.933327	10	50.013359
8.939108	10	50.012047
8.946186	10	50.010155
8.954632	10	50.007515
8.962458	10	50.0065
8.970314	10	50.004982
8.976986	10	50.003853
8.982967	10	50.002495
8.989052	10	50.000938
8.996241	10	50.000389
9.001661	10	50.000183
9.006903	10	49.999451
9.012211	10	49.998192
9.015898	10	49.998833
9.021719	10	50.000198
9.02758	10	50.000473
9.032812	10	50.000671
9.038429	10	50.002243
9.043116	10	50.0028
9.047707	10	50.001671
9.05238	10	50.000778
9.058485	10	49.99913
9.065117	10	49.996681
9.072214	10	49.994881
9.079517	10	49.994293
9.086496	10	49.994621
9.091415	10	49.994064
9.0954	10	49.993492
9.097977	10	49.994949
9.10141	10	49.996368
9.10593	10	49.998222
9.110588	10	49.999031
9.115349	10	49.999435
9.119833	10	49.998962
9.123672	10	49.99733
9.126822	10	49.994003
9.130047	10	49.991776
9.13641	10	49.990891
9.142841	10	49.98967
9.150511	10	49.988914
9.157635	10	49.988091
9.163658	10	49.985863
9.168308	10	49.984009
9.172136	10	49.981651
9.176119	10	49.98024
9.179491	10	49.980766
9.183546	10	49.981102
9.188604	10	49.982597
9.192801	10	49.984291
9.196827	10	49.987358
9.203032	10	49.98941
9.20978	10	49.990364
9.21525	10	49.990967
9.219669	10	49.991554
9.222937	10	49.992218
9.227449	10	49.992531
9.229715	10	49.992401
9.23259	10	49.994148
9.236643	10	49.996597
9.240547	10	49.997032
9.244392	10	49.99868
9.249863	10	50.000771
9.255369	10	50.002525
9.259699	10	50.003746
9.265144	10	50.004417
9.269951	10	50.005913
9.274977	10	50.00502
9.279011	10	50.003906
9.284548	10	50.00322
9.288412	10	50.002541
9.291723	10	50.003059
9.29549	10	50.002518
9.297276	10	50.000328
9.299717	10	50
9.302559	10	50.000786
9.305626	10	50.002251
9.309584	10	50.003601
9.312569	10	50.004738
9.315659	10	50.007126
9.318474	10	50.009178
9.322157	10	50.010956
9.32431	10	50.010536
9.326504	10	50.010071
9.330235	10	50.009491
9.335211	10	50.010536
9.337633	10	50.0103
9.339382	10	50.008896
9.34075	10	50.008881
9.343584	10	50.010078
9.345842	10	50.01059
9.348364	10	50.011536
9.352327	10	50.012192
9.358059	10	50.011086
9.361006	10	50.011162
9.363562	10	50.010719
9.36591	10	50.011909
9.368361	10	50.012741
9.372026	10	50.01194
9.376236	10	50.013184
9.381306	10	50.013901
9.384996	10	50.01506
9.391068	10	50.014771
9.394302	10	50.013031
9.398111	10	50.011841
9.403959	10	50.013397
9.40803	10	50.014816
9.410244	10	50.015518
9.413956	10	50.015358
9.417271	10	50.014961
9.419249	10	50.01297
9.422462	10	50.010674
9.42569	10	50.007568
9.429682	10	50.004829
9.432306	10	50.002388
9.434652	10	50.000084
9.437384	10	49.997536
9.441233	10	49.996452
9.446503	10	49.996384
9.452541	10	49.997635
9.458811	10	49.998489
9.464163	10	49.999802
9.469086	10	50.001213
9.47134	10	50.000496
9.472906	10	49.999397
9.474199	10	49.99852
9.475895	10	49.999374
9.476585	10	50.001427
9.47777	10	50.00338
9.47991	10	50.005417
9.483675	10	50.006966
9.488222	10	50.008003
9.492962	10	50.008789
9.499443	10	50.008385
9.505737	10	50.006638
9.508989	10	50.005768
9.511642	10	50.004799
9.515295	10	50.004051
9.518085	10	50.004822
9.521446	10	50.005638
9.523787	10	50.005341
9.526632	10	50.005226
9.53035	10	50.005501
9.533142	10	50.004349
9.535017	10	50.004112
9.538361	10	50.003029
9.542027	10	50.000565
9.54657	10	49.999222
9.549202	10	49.998001
9.551977	10	49.997681
9.554518	10	49.998466
9.55652	10	49.999275
9.558628	10	50.000351
9.560612	10	50.000534
9.563402	10	49.999397
9.564901	10	49.998299
9.568207	10	49.996742
9.570795	10	49.995499
9.572905	10	49.993622
9.573389	10	49.993256
9.574249	10	49.993523
9.575949	10	49.994545
9.578783	10	49.994667
9.581087	10	49.994797
9.585114	10	49.993668
9.590612	10	49.99131
9.595385	10	49.988907
9.600233	10	49.986984
9.605507	10	49.984291
9.609634	10	49.982742
9.613903	10	49.983803
9.617556	10	49.985283
9.620737	10	49.984558
9.622684	10	49.985649
9.624905	10	49.986214
9.627581	10	49.986145
9.629128	10	49.985611
9.630728	10	49.98513
9.631655	10	49.986755
9.633215	10	49.988075
9.636154	10	49.988678
9.637825	10	49.990402
9.639988	10	49.992775
9.64183	10	49.994972
9.64312	10	49.995682
9.645958	10	49.996223
9.650158	10	49.996254
9.6537	10	49.996498
9.6563	10	49.996429
9.657553	10	49.996399
9.658028	10	49.997231
9.65918	10	49.99807
9.659422	10	49.997406
9.659349	10	49.997253
9.659033	10	49.99807
9.658525	10	49.997803
9.656551	10	49.996292
9.657566	10	49.995834
9.658804	10	49.996834
9.660912	10	49.997688
9.662714	10	49.99794
9.665388	10	49.999367
9.668791	10	50.000305
9.671314	10	50.002296
9.671091	10	50.003418
9.67186	10	50.003677
9.673592	10	50.002602
9.675674	10	50.002403
9.677202	10	50.001831
9.678038	10	50.000328
9.679726	10	49.999641
9.681749	10	49.999275
9.683762	10	49.999466
9.686794	10	50.000015
9.690502	10	50.001114
9.693159	10	50.002121
9.694849	10	50.002602
9.696604	10	50.0037
9.700188	10	50.005646
9.704176	10	50.007767
9.707157	10	50.008835
9.709677	10	50.007469
9.710646	10	50.005363
9.710522	10	50.003922
9.710087	10	50.003677
9.709435	10	50.003044
9.707693	10	50.002846
9.707441	10	50.002892
9.709019	10	50.002121
9.711451	10	50.001541
9.713316	10	50.000832
9.71645	10	50.000862
9.717482	10	50.000435
9.719755	10	49.998795
9.722197	10	49.997269
9.723825	10	49.995712
9.725019	10	49.994179
9.726614	10	49.993088
9.728197	10	49.99279
9.73019	10	49.994812
9.732246	10	49.996483
9.732168	10	49.998421
9.732794	10	49.999542
9.73299	10	50.001129
9.732748	10	50.002182
9.731913	10	50.004044
9.732908	10	50.00753
9.733858	10	50.008621
9.735691	10	50.008965
9.736254	10	50.010529
9.739216	10	50.009674
9.743151	10	50.009109
9.746515	10	50.008507
9.750383	10	50.007988
9.754709	10	50.00898
9.758083	10	50.010086
9.760489	10	50.011024
9.761398	10	50.011612
9.762365	10	50.011108
9.764568	10	50.010933
9.76792	10	50.009544
9.771603	10	50.007256
9.774044	10	50.005493
9.774775	10	50.003952
9.773993	10	50.004333
9.773632	10	50.004395
9.774715	10	50.005211
9.775557	10	50.005531
9.77697	10	50.004913
9.778872	10	50.004982
9.78005	10	50.004311
9.782225	10	50.002487
9.783436	10	49.999519
9.785383	10	49.997971
9.786869	10	49.998894
9.785933	10	49.999588
9.786701	10	50.000732
9.787481	10	50.001259
9.788708	10	50.000717
9.791311	10	50.000633
9.79298	10	49.999519
9.795393	10	49.998772
9.797117	10	49.998512
9.799257	10	49.997772
9.801655	10	49.996254
9.803858	10	49.995415
9.804731	10	49.995476
9.806902	10	49.995979
9.809513	10	49.996208
9.812748	10	49.99585
9.815125	10	49.996834
9.816076	10	49.998886
9.818027	10	50.000504
9.819569	10	50.002914
9.821253	10	50.003143
9.822329	10	50.001694
9.822224	10	50.000511
9.824253	10	49.99913
9.826963	10	49.997406
9.830145	10	49.995163
9.834089	10	49.993813
9.836653	10	49.992874
9.837608	10	49.992409
9.83876	10	49.992767
9.839144	10	49.993141
9.837828	10	49.994362
9.839222	10	49.99485
9.841442	10	49.996529
9.843134	10	49.99736
9.843527	10	49.99781
9.844633	10	49.999313
9.846525	10	50.000755
9.848623	10	50.00045
9.84926	10	50.001221
9.850254	10	50.001411
9.852335	10	50.001755
9.852928	10	50.00309
9.853436	10	50.003654
9.85467	10	50.00322
9.856207	10	50.003922
9.857042	10	50.005417
9.856564	10	50.005386
9.857376	10	50.005417
9.858767	10	50.005295
9.859877	10	50.005676
9.859964	10	50.003754
9.859896	10	50.003044
9.861164	10	50.001823
9.862307	10	50.001366
9.863573	10	50.001076
9.86463	10	50.000832
9.865215	10	50.000542
9.866203	10	50.000122
9.867702	10	50.000374
9.869471	10	50.000496
9.871759	10	50.000977
9.874178	10	50.001213
9.876303	10	49.999977
9.878456	10	49.998329
9.879631	10	49.998314
9.879503	10	50.000969
9.878174	10	50.002922
9.877182	10	50.001915
9.87602	10	50.001526
9.875988	10	49.999115
9.87676	10	49.994995
9.877827	10	49.992828
9.879663	10	49.993431
9.882994	10	49.995277
9.885742	10	49.996277
9.887836	10	49.997292
9.888531	10	49.998421
9.887644	10	50.000313
9.887474	10	50.001099
9.887383	10	50.000443
9.88917	10	49.999619
9.889742	10	49.999458
9.889463	10	50.000343
9.889755	10	50.000702
9.889034	10	50.001625
9.888796	10	50.001205
9.887589	10	50.001335
9.886669	10	50.001633
9.885952	10	50.002037
9.885801	10	50.001518
9.886034	10	50.001297
9.887173	10	50.002037
9.887964	10	50.002617
9.888512	10	50.003273
9.888649	10	50.004066
9.88983	10	50.004822
9.891733	10	50.004631
9.894224	10	50.004349
9.896725	10	50.003693
9.898203	10	50.00309
9.898262	10	50.003471
9.897964	10	50.004875
9.898829	10	50.006195
9.900187	10	50.007599
9.90134	10	50.008247
9.901134	10	50.007271
9.901766	10	50.00676
9.901278	10	50.007668
9.900246	10	50.00856
9.899885	10	50.010132
9.899231	10	50.009933
9.901089	10	50.008247
9.903088	10	50.006805
9.905628	10	50.005043
9.906538	10	50.004005
9.906986	10	50.004135
9.907228	10	50.004303
9.908216	10	50.004158
9.909615	10	50.003853
9.909182	10	50.003708
9.910036	10	50.002823
9.90893	10	50.00106
9.907883	10	49.998421
9.909168	10	49.995979
9.909168	10	49.995972
9.909182	10	49.99675
