[Graph\ Configuration]
Version=1
NrCurves=1
FFTNrCurves=0
Title=
XAxisLabel=Time / s
YAxisLabel=Current Position of axis1
Y2AxisLabel=Physical units
SameScaleXY=0
XAxisLinear=1
YAxisLinear=1
FFT=0
[Graph\ Configuration/Curve1]
CustomName=Current Position of axis1
XSliceArray=Current Position of axis1
XSliceName=Time
YSliceArray=Current Position of axis1
YSliceName=Current Position of axis1
[Graph\ Configuration/Curve1/style]
ColorRed=33
ColorGreen=67
ColorBlue=163
SolidPoint=1
LineType=100
PointSymbol=0
Width=2
Shown=1
Identify=1
Y2Axis=0
[GCS_ARRAY Current Position of axis1]
# VERSION = 1
# TYPE = 1
# SEPARATOR = 9
# DIM = 1
# SAMPLE_TIME = 0.0005
# NDATA = 7917
#
# NAME0 = Current Position of axis1
#
# END_HEADER
2.495638
2.504433
2.500494
2.491898
2.501053
2.510296
2.507505
2.503193
2.505058
2.507826
2.508287
2.514412
2.515207
2.513807
2.522951
2.531376
2.5415
2.536697
2.547491
2.559185
2.550674
2.573816
2.571922
2.584747
2.587856
2.589672
2.598671
2.611021
2.628725
2.631779
2.644457
2.651121
2.656939
2.685591
2.692377
2.701748
2.712132
2.7295
2.742996
2.74511
2.765644
2.786745
2.784477
2.809837
2.823792
2.84198
2.841097
2.861271
2.874784
2.881956
2.907558
2.922131
2.938183
2.948505
2.971357
2.986404
3.008656
3.018049
3.025719
3.050201
3.065275
3.090073
3.105843
3.113394
3.134907
3.150906
3.169249
3.19129
3.202015
3.221809
3.239546
3.265388
3.276394
3.303772
3.315361
3.32662
3.350187
3.366743
3.390087
3.406204
3.429296
3.440866
3.454126
3.483599
3.502291
3.519062
3.540649
3.554337
3.572275
3.593473
3.615646
3.640734
3.645531
3.66898
3.690964
3.70075
3.716639
3.747955
3.763065
3.783857
3.796038
3.822281
3.833553
3.86026
3.872147
3.900202
3.911003
3.937201
3.953703
3.966953
3.98024
3.997116
4.031628
4.058655
4.074364
4.087074
4.109747
4.127331
4.1399
4.147755
4.17997
4.204731
4.21586
4.233299
4.258743
4.279154
4.30806
4.328512
4.339659
4.364498
4.386805
4.402441
4.423197
4.437719
4.46249
4.479919
4.496744
4.520653
4.545967
4.571026
4.584347
4.604136
4.623793
4.640095
4.659922
4.685186
4.683046
4.715921
4.739763
4.762056
4.781416
4.802254
4.823975
4.844492
4.851627
4.873796
4.898718
4.91453
4.931616
4.950171
4.9769
4.991962
5.009214
5.03614
5.056473
5.082132
5.096619
5.114292
5.133701
5.152157
5.17305
5.194153
5.215296
5.22583
5.253857
5.27774
5.289223
5.304647
5.322203
5.350124
5.37105
5.393517
5.410694
5.434895
5.459587
5.484278
5.500326
5.528103
5.538197
5.554338
5.56937
5.591278
5.609205
5.641907
5.657669
5.676382
5.696665
5.71151
5.73683
5.751114
5.770487
5.784077
5.81382
5.833899
5.860857
5.860247
5.889151
5.917315
5.923042
5.936871
5.968966
5.991858
6.016813
6.035912
6.054094
6.063679
6.088259
6.107079
6.131655
6.137344
6.166515
6.201523
6.223686
6.223558
6.250246
6.259615
6.281713
6.297504
6.330078
6.349205
6.370773
6.395153
6.415955
6.42668
6.444347
6.465551
6.493513
6.514305
6.529192
6.549841
6.565521
6.592777
6.61142
6.626434
6.657824
6.662453
6.686914
6.708973
6.729702
6.746231
6.772057
6.794672
6.818335
6.824726
6.843748
6.874081
6.895006
6.914553
6.928555
6.958328
6.97694
6.993416
7.022984
7.033941
7.046392
7.074127
7.098122
7.112665
7.125742
7.148743
7.16423
7.185781
7.207024
7.230024
7.259922
7.273087
7.286268
7.300501
7.319239
7.347273
7.370846
7.386969
7.408747
7.41967
7.443838
7.469547
7.492599
7.514063
7.541327
7.556248
7.576691
7.59222
7.59597
7.62715
7.655331
7.675022
7.690014
7.713413
7.733967
7.76012
7.779079
7.790714
7.813721
7.831093
7.84893
7.874569
7.905506
7.91518
7.925484
7.947529
7.976143
7.999506
8.017288
8.037121
8.054358
8.083462
8.095709
8.116438
8.145557
8.162649
8.186035
8.197781
8.214314
8.239754
8.252792
8.285162
8.307823
8.326736
8.338358
8.373316
8.385672
8.40007
8.415169
8.444206
8.457476
8.477581
8.494022
8.525349
8.545126
8.558477
8.578056
8.599258
8.612757
8.630974
8.671381
8.668232
8.684696
8.722799
8.749487
8.765495
8.789322
8.801722
8.82761
8.84885
8.861971
8.887859
8.917765
8.93251
8.948532
8.973248
9.001568
9.024807
9.03227
9.056822
9.069441
9.091606
9.109259
9.13184
9.157557
9.176798
9.201866
9.224483
9.245705
9.265432
9.278498
9.307394
9.318054
9.341805
9.360449
9.378349
9.389153
9.420078
9.43718
9.447973
9.480097
9.492117
9.524824
9.545069
9.567289
9.589357
9.602884
9.616026
9.639107
9.668365
9.687735
9.711832
9.722462
9.756571
9.775305
9.790352
9.809509
9.829401
9.856142
9.877039
9.900318
9.915657
9.930283
9.952551
9.972572
9.98958
10.015923
10.032827
10.057117
10.078522
10.099346
10.126226
10.145081
10.157799
10.185432
10.208008
10.211361
10.241636
10.26523
10.290178
10.30122
10.32122
10.338198
10.365025
10.383753
10.410641
10.431561
10.455233
10.48167
10.488071
10.515711
10.538885
10.562998
10.568224
10.600096
10.613268
10.636301
10.648836
10.672522
10.701103
10.723419
10.740896
10.759335
10.778055
10.795404
10.825518
10.837898
10.870392
10.88294
10.916945
10.934322
10.94717
10.968109
10.995991
11.020817
11.040417
11.057714
11.075926
11.09314
11.115259
11.139866
11.153658
11.1782
11.20335
11.228035
11.245422
11.263659
11.277679
11.291332
11.321327
11.341972
11.376888
11.387148
11.404114
11.423939
11.454298
11.465904
11.48234
11.514696
11.541885
11.563587
11.583351
11.591404
11.61643
11.636553
11.656765
11.684256
11.702421
11.71957
11.735693
11.759811
11.771223
11.79978
11.815645
11.836714
11.862787
11.882397
11.912312
11.930824
11.958261
11.975216
11.998407
12.015606
12.035311
12.063498
12.083988
12.102766
12.12431
12.141867
12.164406
12.178057
12.204205
12.235815
12.25338
12.26638
12.28923
12.310633
12.329342
12.342791
12.369146
12.386316
12.409311
12.440596
12.468153
12.484142
12.496332
12.516203
12.540474
12.567028
12.58321
12.606535
12.629597
12.645714
12.672421
12.693556
12.725542
12.735153
12.751305
12.765966
12.777624
12.806746
12.845314
12.865103
12.885391
12.900099
12.916895
12.938808
12.964214
12.983309
13.010557
13.026512
13.039553
13.063824
13.091406
13.106329
13.129427
13.162571
13.169933
13.190969
13.221624
13.244852
13.261524
13.286003
13.297337
13.321716
13.347383
13.363626
13.382027
13.421671
13.436964
13.455389
13.48506
13.501699
13.515987
13.525
13.550947
13.579632
13.598993
13.621307
13.636942
13.658236
13.685627
13.703274
13.731039
13.746773
13.769308
13.796797
13.820826
13.848467
13.869192
13.886015
13.906881
13.921949
13.933939
13.963671
13.994928
14.013638
14.019463
14.046984
14.071835
14.092741
14.110672
14.144426
14.161182
14.18363
14.214979
14.229849
14.244789
14.268307
14.287426
14.302856
14.329824
14.364288
14.378027
14.398857
14.42663
14.441292
14.460037
14.493492
14.513561
14.529093
14.553003
14.575333
14.588884
14.60985
14.638229
14.657671
14.669363
14.695953
14.721619
14.748255
14.777546
14.788397
14.808882
14.826431
14.856619
14.877499
14.891705
14.909372
14.933918
14.969141
14.989931
15.007795
15.035873
15.051821
15.067247
15.093645
15.108355
15.131901
15.161005
15.178324
15.197805
15.217274
15.248247
15.269176
15.290648
15.309874
15.32851
15.351919
15.366652
15.396715
15.418884
15.438377
15.457775
15.473391
15.505581
15.518923
15.536604
15.56773
15.588848
15.613728
15.638157
15.666168
15.685806
15.697985
15.717901
15.747946
15.762638
15.796841
15.818165
15.835806
15.855553
15.886526
15.905319
15.92065
15.939337
15.96804
15.99407
16.012711
16.035444
16.05788
16.076183
16.105389
16.121872
16.14187
16.151239
16.179672
16.205149
16.227785
16.262033
16.276258
16.302471
16.312637
16.336344
16.366543
16.38262
16.406427
16.425285
16.444643
16.471313
16.495741
16.519224
16.541708
16.551426
16.580326
16.60253
16.625765
16.651955
16.679365
16.698624
16.718136
16.736553
16.76598
16.775986
16.796175
16.820045
16.840433
16.86801
16.900242
16.913664
16.934702
16.955952
16.98164
17.008385
17.026855
17.040531
17.062384
17.088453
17.108273
17.142372
17.160778
17.180107
17.201614
17.225325
17.251747
17.26775
17.281107
17.308901
17.339834
17.357607
17.381063
17.394707
17.429201
17.456505
17.471155
17.490454
17.518272
17.538475
17.557909
17.578445
17.607849
17.626129
17.647999
17.675795
17.689522
17.712128
17.739334
17.755247
17.796093
17.801962
17.828112
17.852016
17.868423
17.893967
17.925255
17.941402
17.970348
17.984989
18.00458
18.032127
18.057571
18.071987
18.111614
18.124866
18.148567
18.171949
18.190243
18.210617
18.226894
18.254143
18.270552
18.290382
18.31295
18.348625
18.362961
18.388649
18.407568
18.432819
18.450163
18.478634
18.498795
18.535126
18.555218
18.576515
18.603447
18.613209
18.639673
18.661041
18.677963
18.70974
18.742861
18.763706
18.79307
18.80324
18.804369
18.831194
18.882212
18.890629
18.913307
18.934788
18.96991
18.987013
19.004337
19.025484
19.05224
19.07729
19.088921
19.122236
19.143147
19.164867
19.191601
19.207233
19.228626
19.255777
19.277775
19.302021
19.32103
19.342524
19.363194
19.373928
19.416172
19.43713
19.455713
19.475941
19.505491
19.533646
19.549709
19.581697
19.59774
19.614628
19.646549
19.665403
19.693401
19.712004
19.730049
19.756386
19.774704
19.809742
19.823826
19.851917
19.871666
19.893215
19.915581
19.939838
19.958561
19.996185
20.004059
20.033035
20.056252
20.067678
20.10178
20.123083
20.140808
20.178844
20.197502
20.229919
20.246513
20.25448
20.283037
20.311119
20.345467
20.358805
20.365698
20.405602
20.417564
20.452419
20.481461
20.489462
20.521263
20.538723
20.564754
20.582787
20.612072
20.627438
20.656677
20.686417
20.701834
20.730516
20.755859
20.775375
20.79303
20.821732
20.835699
20.860352
20.88673
20.910805
20.926622
20.954937
20.9762
20.998089
21.020176
21.042324
21.069031
21.09679
21.122627
21.150051
21.166698
21.184261
21.20285
21.225544
21.259701
21.287106
21.312441
21.334038
21.353785
21.374439
21.404194
21.424667
21.452667
21.472408
21.499882
21.521624
21.55135
21.568043
21.591509
21.61132
21.638941
21.654087
21.669262
21.711187
21.74369
21.760067
21.772949
21.815472
21.836872
21.8395
21.864553
21.895685
21.923435
21.932453
21.967079
21.996428
22.010263
22.035519
22.058805
22.087601
22.115677
22.129772
22.152088
22.173922
22.191925
22.223278
22.243439
22.264809
22.301624
22.319248
22.337175
22.35783
22.390465
22.415977
22.431274
22.455475
22.470272
22.50391
22.528397
22.550365
22.575581
22.604546
22.630632
22.655159
22.678356
22.703117
22.727341
22.744028
22.772362
22.795586
22.82304
22.863907
22.87064
22.898663
22.91267
22.939619
22.964886
22.984631
23.009308
23.03957
23.06451
23.084591
23.108965
23.129467
23.157787
23.183216
23.199711
23.225416
23.246071
23.271076
23.290617
23.316509
23.337534
23.363464
23.383492
23.417095
23.436069
23.464546
23.483086
23.504238
23.541088
23.553722
23.570518
23.603523
23.639551
23.648981
23.681599
23.707088
23.728148
23.750599
23.77475
23.787796
23.817238
23.845175
23.857477
23.894398
23.921883
23.94701
23.967894
23.993877
24.024811
24.046141
24.062714
24.083134
24.116373
24.136812
24.167292
24.184246
24.202808
24.227695
24.259686
24.284529
24.313499
24.333866
24.367779
24.380661
24.393202
24.422461
24.448889
24.480547
24.49765
24.521515
24.537933
24.571224
24.601776
24.626122
24.647219
24.666203
24.687729
24.725977
24.743517
24.76976
24.802422
24.82198
24.850025
24.874397
24.901901
24.92285
24.941458
24.972988
24.986607
25.007912
25.041092
25.064363
25.086353
25.113398
25.130264
25.159718
25.173725
25.209234
25.229803
25.253046
25.271217
25.30489
25.333603
25.365192
25.37652
25.411728
25.435246
25.448746
25.48127
25.502729
25.538271
25.551598
25.574636
25.617235
25.634026
25.662838
25.674109
25.705509
25.729164
25.752457
25.777317
25.799519
25.817713
25.85273
25.879099
25.892517
25.923573
25.947001
25.976826
26.010883
26.017315
26.045979
26.058384
26.085257
26.121078
26.143595
26.171234
26.204103
26.230083
26.248722
26.270004
26.300772
26.320934
26.333696
26.371384
26.394009
26.420094
26.444765
26.465549
26.496094
26.508865
26.544067
26.575512
26.598904
26.618382
26.645611
26.669428
26.686768
26.718851
26.75313
26.77331
26.799648
26.811924
26.843155
26.861835
26.883524
26.914101
26.936958
26.967541
26.995346
27.013193
27.039019
27.075001
27.099854
27.116796
27.145128
27.160105
27.18689
27.218857
27.251102
27.271408
27.302835
27.325031
27.354664
27.378284
27.397919
27.423519
27.440845
27.471958
27.498268
27.527328
27.551439
27.579803
27.597
27.631594
27.659117
27.675358
27.712193
27.727789
27.750814
27.779375
27.809608
27.828409
27.858337
27.87718
27.900307
27.941811
27.959488
27.986755
28.021664
28.041815
28.059704
28.087933
28.1159
28.1516
28.168043
28.180525
28.20822
28.240349
28.25658
28.298038
28.311625
28.340477
28.365648
28.392466
28.414957
28.443043
28.464846
28.5002
28.517422
28.543634
28.562717
28.595852
28.625851
28.647728
28.682947
28.701818
28.723934
28.744595
28.777515
28.803871
28.822224
28.847054
28.878098
28.905937
28.928719
28.958906
28.98348
29.01391
29.042223
29.06909
29.086079
29.11043
29.133736
29.161446
29.1854
29.215681
29.23632
29.263138
29.28359
29.305231
29.338047
29.373512
29.391752
29.421171
29.440359
29.466293
29.495407
29.520493
29.552546
29.56908
29.592049
29.618113
29.644001
29.676922
29.705048
29.725254
29.753242
29.78125
29.810614
29.841629
29.860807
29.899792
29.912439
29.942635
29.960274
29.980247
30.011316
30.041676
30.077837
30.102528
30.125107
30.146166
30.175749
30.201826
30.236895
30.258743
30.272358
30.314268
30.341078
30.365707
30.389803
30.416737
30.448063
30.470026
30.499149
30.527195
30.547472
30.579338
30.59778
30.633331
30.652567
30.67979
30.702681
30.737032
30.764015
30.78904
30.81308
30.843506
30.861912
30.884899
30.919678
30.95015
30.970181
31.002151
31.035378
31.053431
31.080154
31.111872
31.138071
31.161591
31.18343
31.215782
31.235161
31.26206
31.29212
31.327909
31.337915
31.360897
31.389668
31.420464
31.445833
31.477774
31.494539
31.532129
31.551573
31.571144
31.595552
31.642645
31.650534
31.682961
31.720179
31.743196
31.770491
31.804647
31.81601
31.850355
31.868204
31.90119
31.930899
31.961504
31.987
32.005939
32.038712
32.060474
32.086445
32.12038
32.144894
32.164181
32.201256
32.219173
32.255428
32.284203
32.305527
32.336666
32.364212
32.388615
32.414242
32.429939
32.456409
32.486237
32.51276
32.555618
32.588905
32.606087
32.621838
32.655735
32.683678
32.714809
32.735905
32.769009
32.791683
32.816479
32.842422
32.866028
32.90345
32.924538
32.941322
32.98875
33.01775
33.040123
33.066933
33.085903
33.11393
33.14032
33.178493
33.215874
33.228767
33.260555
33.287571
33.311836
33.33482
33.36314
33.390755
33.417091
33.446758
33.470928
33.499725
33.531052
33.559544
33.579857
33.604237
33.640938
33.669964
33.696072
33.725773
33.757084
33.782333
33.810345
33.833187
33.864792
33.890171
33.925079
33.946175
33.972179
34.003296
34.031807
34.053661
34.077686
34.105427
34.126911
34.156654
34.19474
34.22406
34.24078
34.268963
34.311459
34.339298
34.371075
34.39996
34.419422
34.442764
34.476936
34.503716
34.520973
34.561337
34.578152
34.609806
34.63792
34.668804
34.688103
34.724529
34.744926
34.782093
34.806103
34.838787
34.869293
34.893063
34.914234
34.9534
34.972969
35.000839
35.039665
35.05497
35.082535
35.110287
35.141064
35.169949
35.203239
35.226685
35.250664
35.281132
35.308144
35.334854
35.36771
35.397289
35.427788
35.451786
35.48912
35.513081
35.534431
35.562588
35.594704
35.624008
35.652405
35.672935
35.713837
35.747112
35.769154
35.790646
35.818249
35.851189
35.876816
35.89814
35.936081
35.958652
35.993393
36.017757
36.0429
36.07906
36.108974
36.133465
36.162437
36.195652
36.222271
36.250584
36.278725
36.30645
36.335999
36.361931
36.384346
36.417645
36.450123
36.473446
36.499256
36.542706
36.573524
36.587528
36.623314
36.656685
36.669998
36.713459
36.743416
36.781624
36.805386
36.825787
36.849274
36.896381
36.926094
36.935486
36.964714
36.998215
37.036125
37.058132
37.08905
37.117168
37.1395
37.163017
37.188595
37.226898
37.262714
37.28474
37.314991
37.341034
37.3801
37.393723
37.427414
37.462376
37.496124
37.525166
37.550125
37.57378
37.608959
37.62957
37.664524
37.696178
37.71582
37.745445
37.773476
37.809185
37.837036
37.868172
37.887981
37.921654
37.958035
37.982529
38.001865
38.046112
38.087082
38.11557
38.147301
38.167393
38.191437
38.230995
38.264164
38.279663
38.311897
38.345329
38.363594
38.3992
38.438786
38.464016
38.489944
38.515827
38.544514
38.576603
38.608391
38.639053
38.668022
38.695385
38.732834
38.758774
38.79195
38.822361
38.844276
38.87051
38.906116
38.934635
38.967419
38.989899
39.010857
39.04665
39.083988
39.099518
39.143822
39.174496
39.199463
39.227592
39.267731
39.288124
39.319523
39.348907
39.372879
39.408112
39.447338
39.480896
39.50399
39.535152
39.572662
39.584564
39.629135
39.652828
39.682537
39.72121
39.747528
39.783855
39.815361
39.831196
39.866539
39.90078
39.936638
39.962261
39.991203
40.017433
40.052425
40.085964
40.109344
40.151039
40.166298
40.193851
40.228779
40.255062
40.291904
40.320717
40.351456
40.369041
40.404507
40.441013
40.475384
40.498962
40.53281
40.565453
40.593391
40.633553
40.657341
40.694313
40.733646
40.753471
40.773388
40.817787
40.83625
40.87191
40.894966
40.933884
40.962086
40.992092
41.023319
41.057297
41.08168
41.112186
41.14814
41.177814
41.212029
41.242443
41.268791
41.307899
41.342644
41.360241
41.392242
41.415321
41.450436
41.488087
41.516922
41.551132
41.592415
41.619976
41.645252
41.68792
41.699177
41.736629
41.766228
41.794861
41.824875
41.86311
41.900356
41.917503
41.956184
41.980045
42.011581
42.040882
42.069611
42.108612
42.138939
42.1796
42.200623
42.23658
42.270981
42.308315
42.337021
42.369896
42.395241
42.42585
42.457928
42.495834
42.528385
42.557446
42.587296
42.619499
42.64814
42.675442
42.712891
42.757919
42.783611
42.819378
42.844501
42.877453
42.911255
42.936081
42.971436
43.000237
43.032349
43.07053
43.091099
43.132805
43.156872
43.184669
43.222694
43.259472
43.291431
43.307396
43.340858
43.378826
43.410965
43.44466
43.483742
43.5121
43.546463
43.575447
43.59671
43.621567
43.658241
43.694847
43.735016
43.779961
43.796028
43.826393
43.855095
43.889141
43.928459
43.956059
43.984455
44.017422
44.057686
44.080418
44.115578
44.144966
44.195736
44.215214
44.254044
44.280949
44.322418
44.349312
44.380241
44.415752
44.454216
44.479588
44.514778
44.536831
44.567009
44.595985
44.641068
44.685478
44.707054
44.739677
44.779095
44.794586
44.840309
44.889248
44.915623
44.945133
44.973602
44.998322
45.043762
45.075016
45.104141
45.13871
45.166729
45.205788
45.24419
45.265335
45.29092
45.335129
45.360435
45.396965
45.430542
45.470482
45.50486
45.539597
45.572636
45.601143
45.641487
45.665291
45.703949
45.739906
45.774651
45.81982
45.831352
45.872787
45.905403
45.939621
45.968689
46.006046
46.031494
46.071392
46.102112
46.132648
46.17392
46.206604
46.244801
46.264671
46.293552
46.328583
46.357742
46.398922
46.441269
46.474556
46.516186
46.539246
46.581306
46.611523
46.641136
46.673721
46.719105
46.751328
46.781654
46.803009
46.848244
46.88942
46.925209
46.951744
46.994179
47.016273
47.057327
47.081341
47.112358
47.156158
47.183632
47.219334
47.244785
47.289597
47.320702
47.339699
47.37957
47.415237
47.461918
47.490532
47.519211
47.555828
47.595013
47.631798
47.657024
47.706303
47.742786
47.762444
47.80444
47.839016
47.886383
47.913734
47.949818
47.980713
48.00824
48.050568
48.084648
48.114624
48.152172
48.18597
48.229622
48.273487
48.304237
48.328056
48.369267
48.40538
48.442486
48.469288
48.494862
48.525253
48.577446
48.611938
48.64629
48.687408
48.710438
48.745056
48.797543
48.824631
48.85471
48.886204
48.928131
48.951008
48.985558
49.019306
49.060921
49.104507
49.138687
49.182369
49.216637
49.249287
49.282547
49.323318
49.353855
49.374123
49.40522
49.455513
49.491417
49.528145
49.56028
49.605202
49.642502
49.680424
49.714146
49.744148
49.775833
49.820389
49.848488
49.894104
49.927528
49.963093
50.004547
50.042046
50.070374
50.106041
50.144913
50.177971
50.214634
50.252918
50.286263
50.319096
50.363598
50.390003
50.434868
50.457336
50.49931
50.543285
50.573288
50.60215
50.638626
50.679691
50.713428
50.757904
50.80027
50.836128
50.868599
50.91494
50.948444
50.984894
51.015221
51.051273
51.089561
51.129498
51.162437
51.204872
51.231834
51.262856
51.311996
51.346401
51.383759
51.428501
51.451263
51.498554
51.534866
51.579952
51.612396
51.640289
51.678253
51.719482
51.758118
51.789108
51.832733
51.870644
51.909176
51.946495
51.9786
52.025375
52.063873
52.097767
52.121994
52.165016
52.19503
52.243675
52.279434
52.323711
52.35022
52.39193
52.432545
52.466763
52.519043
52.547188
52.588448
52.623482
52.661915
52.703522
52.737923
52.76104
52.809822
52.851318
52.879166
52.925209
52.969364
53.006104
53.03812
53.089607
53.123466
53.164581
53.202126
53.232895
53.275925
53.326546
53.35717
53.38028
53.417912
53.472832
53.514572
53.560112
53.585907
53.622356
53.664963
53.704269
53.736946
53.771126
53.812286
53.849846
53.89529
53.933868
53.968929
54.001839
54.052422
54.081409
54.123993
54.167904
54.207352
54.243576
54.278046
54.323933
54.35656
54.399151
54.441776
54.471912
54.510262
54.55761
54.592903
54.638779
54.689682
54.726105
54.76297
54.798302
54.842468
54.87355
54.914101
54.948776
54.989544
55.04401
55.088501
55.117424
55.14492
55.191002
55.224499
55.27549
55.315735
55.345978
55.398575
55.430923
55.47963
55.522095
55.562592
55.615349
55.642826
55.68121
55.722771
55.767498
55.798584
55.842873
55.874649
55.922539
55.96632
55.999062
56.032669
56.08062
56.126862
56.172909
56.216644
56.253235
56.287605
56.325829
56.375771
56.416618
56.447773
56.503754
56.534378
56.570267
56.619621
56.663231
56.701378
56.735783
56.77272
56.819458
56.874023
56.908394
56.942703
56.994137
57.032036
57.076912
57.120502
57.155441
57.20298
57.244064
57.287857
57.330299
57.366714
57.413589
57.452209
57.493172
57.540001
57.572212
57.615685
57.655586
57.687141
57.726017
57.775871
57.826042
57.859295
57.903519
57.954178
57.999752
58.045937
58.08902
58.132229
58.181824
58.217789
58.270378
58.304867
58.34301
58.385975
58.436325
58.481964
58.518318
58.563812
58.607559
58.657043
58.694244
58.738861
58.779861
58.824089
58.875843
58.91135
58.955124
59.004219
59.031906
59.077122
59.128426
59.166615
59.20327
59.251492
59.297577
59.344261
59.382805
59.439011
59.477783
59.519943
59.556309
59.607544
59.651627
59.698036
59.735035
59.774105
59.818459
59.869877
59.909248
59.947689
60.002762
60.046059
60.089569
60.147537
60.185638
60.223389
60.263741
60.320976
60.357765
60.406921
60.461655
60.503468
60.53907
60.587669
60.631523
60.682991
60.73317
60.768055
60.817345
60.866779
60.913567
60.952698
60.994377
61.041397
61.083958
61.132133
61.184189
61.222374
61.276093
61.315475
61.356483
61.411259
61.456467
61.502304
61.547318
61.589027
61.642151
61.690254
61.732674
61.774071
61.820419
61.874817
61.919182
61.964611
62.001675
62.058151
62.108841
62.158779
62.207916
62.247803
62.294746
62.345856
62.394203
62.449753
62.486126
62.530312
62.587749
62.633209
62.680199
62.718895
62.776966
62.816067
62.863091
62.922588
62.965996
63.017197
63.062134
63.098396
63.152359
63.216431
63.268311
63.297909
63.358383
63.394997
63.441711
63.49012
63.535294
63.58532
63.631878
63.68198
63.738266
63.776638
63.837799
63.881821
63.932064
63.991619
64.036842
64.080856
64.125183
64.175217
64.227814
64.291122
64.327209
64.379272
64.430946
64.480568
64.538513
64.580536
64.625137
64.687042
64.742279
64.786018
64.827751
64.872154
64.926918
64.972183
65.029396
65.076309
65.120132
65.178017
65.229294
65.27832
65.331726
65.387772
65.439217
65.484329
65.54908
65.59053
65.636444
65.695541
65.739365
65.79496
65.843239
65.898224
65.938934
65.991051
66.046539
66.100952
66.152733
66.203148
66.265671
66.315063
66.367149
66.421646
66.464417
66.526947
66.581337
66.630722
66.679581
66.726074
66.797531
66.846375
66.889648
66.943848
66.995834
67.055405
67.11058
67.164368
67.225052
67.277679
67.316513
67.376701
67.425888
67.480408
67.547211
67.591736
67.643143
67.708359
67.756065
67.801956
67.85112
67.912346
67.974899
68.033821
68.085114
68.133957
68.187302
68.249451
68.307831
68.371185
68.428116
68.474297
68.522087
68.583122
68.63604
68.691711
68.752632
68.810516
68.866653
68.921753
68.982315
69.034302
69.095581
69.158936
69.198891
69.258224
69.317459
69.376839
69.434937
69.484947
69.542526
69.599976
69.660019
69.721245
69.772675
69.836433
69.895264
69.955002
70.019196
70.070473
70.123207
70.183556
70.25058
70.29586
70.369522
70.439957
70.490631
70.54483
70.600937
70.662827
70.721413
70.776154
70.841202
70.901703
70.954285
71.027176
71.07547
71.14209
71.210503
71.271591
71.326904
71.384155
71.444031
71.500977
71.574226
71.635994
71.696472
71.752701
71.810028
71.879944
71.934509
72.000717
72.067871
72.120522
72.176178
72.251823
72.31842
72.37677
72.446274
72.510132
72.563934
72.621658
72.675308
72.749084
72.819809
72.866486
72.934555
72.995956
73.080505
73.141174
73.202057
73.253799
73.330292
73.391525
73.465149
73.528069
73.594887
73.657402
73.730164
73.794922
73.864716
73.92907
73.98613
74.051102
74.128494
74.182541
74.25676
74.31543
74.388741
74.458412
74.520599
74.580719
74.652039
74.714447
74.796021
74.875748
74.938217
74.997833
75.066917
75.126266
75.204071
75.273605
75.342697
75.433548
75.492805
75.555267
75.620483
75.703217
75.778229
75.852646
75.913528
75.985649
76.05603
76.136314
76.2117
76.277809
76.341446
76.419724
76.489792
76.55838
76.635162
76.719299
76.790451
76.849777
76.933777
77.007561
77.082344
77.161835
77.231094
77.300697
77.37738
77.459557
77.532898
77.61116
77.689438
77.776398
77.853523
77.927353
78.004135
78.07814
78.164139
78.234985
78.314941
78.394592
78.461617
78.552864
78.634598
78.712021
78.792297
78.864105
78.951431
79.031677
79.101608
79.18438
79.272415
79.352966
79.416008
79.517502
79.60675
79.692169
79.759514
79.836403
79.927116
80.014618
80.096542
80.185432
80.263428
80.356194
80.448532
80.539551
80.624023
80.694275
80.79213
80.881538
80.967941
81.046036
81.134071
81.239189
81.320305
81.411591
81.493134
81.589561
81.684799
81.759537
81.857613
81.951691
82.044785
82.147591
82.243866
82.338432
82.420769
82.509628
82.61113
82.693474
82.795242
82.896561
82.993355
83.096542
83.192307
83.28257
83.389198
83.494987
83.584961
83.694244
83.795883
83.896088
84.001022
84.113205
84.209167
84.323135
84.422974
84.527008
84.632706
84.734543
84.849808
84.948204
85.061302
85.174042
85.283539
85.397125
85.505264
85.615524
85.734756
85.844353
85.96907
86.077164
86.194572
86.30809
86.421204
86.544998
86.666161
86.782013
86.901886
87.044708
87.160301
87.278473
87.411697
87.530502
87.653008
87.783234
87.927521
88.05275
88.195404
88.328354
88.457253
88.596481
88.738213
88.88385
89.027367
89.167328
89.311615
89.462646
89.614899
89.750381
89.919952
90.072342
90.22197
90.373398
90.540009
90.705849
90.873161
91.038589
91.202888
91.386406
91.561333
91.745529
91.926193
92.116028
92.317024
92.510468
92.703339
92.906425
93.124413
93.31514
93.512497
93.702667
93.872589
94.044922
94.182045
94.298996
94.398323
94.456329
94.49263
94.517151
94.518013
94.477356
94.422455
94.35862
94.278366
94.170471
94.057777
93.927292
93.796394
93.631973
93.455475
93.259109
93.051056
92.85006
92.618164
92.382172
92.130096
91.870491
91.597504
91.321274
91.033905
90.725677
90.420303
90.105927
89.783501
89.440552
89.081696
88.725677
88.363083
87.997284
87.598877
87.201157
86.809052
86.401253
85.994637
85.58046
85.158684
84.72699
84.289352
83.845917
83.392563
82.933075
82.473259
82.001221
81.524399
81.041618
80.575256
80.072891
79.583763
79.09436
78.598015
78.100967
77.594635
77.097527
76.595535
76.068756
75.548828
75.025444
74.501587
73.978165
73.438492
72.904488
72.378067
71.827835
71.297424
70.767166
70.224197
69.687737
69.152542
68.626526
68.084854
67.526115
66.98439
66.432068
65.876495
65.32431
64.772202
64.226959
63.662125
63.11261
62.581543
62.029579
61.478745
60.931892
60.385719
59.829361
59.273117
58.727943
58.176544
57.621651
57.059441
56.512672
55.957153
55.411827
54.855774
54.297661
53.76265
53.218742
52.65778
52.10791
51.567154
51.023598
50.463589
49.917515
49.373318
48.820007
48.282021
47.731808
47.203266
46.653526
46.109795
45.564964
45.017681
44.471634
43.934849
43.398369
42.853504
42.301804
41.757584
41.222324
40.683361
40.145931
39.615845
39.08548
38.546787
38.004333
37.473694
36.943398
36.396507
35.865269
35.330582
34.800476
34.254108
33.723259
33.187599
32.666264
32.126892
31.601841
31.077578
30.543081
30.011885
29.486458
28.949276
28.426794
27.894573
27.37092
26.84465
26.305882
25.78742
25.263729
24.734463
24.213144
23.690407
23.166916
22.654854
22.126894
21.595963
21.067368
20.534897
20.016609
19.507946
18.983757
18.453785
17.934122
17.407269
16.89183
16.37365
15.855087
15.333227
14.812925
14.298126
13.80624
13.289883
12.794525
12.317305
11.847548
11.394609
10.960484
10.547695
10.158892
9.804552
9.469318
9.157661
8.873676
8.598509
8.354563
8.122196
7.912128
7.716541
7.540462
7.370525
7.214716
7.075771
6.946457
6.844698
6.742722
6.658838
6.580767
6.516079
6.455362
6.405832
6.341568
6.306747
6.269768
6.233828
6.207077
6.178421
6.166096
6.142448
6.138575
6.129276
6.126921
6.121208
6.126587
6.123341
6.128939
6.160067
6.134972
6.149305
6.166096
6.165422
6.177713
6.185337
6.207418
6.230293
6.234756
6.244255
6.275673
6.294346
6.321709
6.340113
6.360672
6.375011
6.402037
6.420944
6.428911
6.455912
6.47694
6.50573
6.536871
6.553799
6.581379
6.599848
6.627377
6.645735
6.671469
6.690779
6.713335
6.736485
6.746258
6.777624
6.789667
6.809837
6.84416
6.862249
6.891136
6.919603
6.951967
6.968809
6.994366
7.017614
7.035576
7.059504
7.086596
7.114592
7.131121
7.161407
7.181763
7.200684
7.23415
7.249203
7.268814
7.29842
7.324116
7.348274
7.37063
7.386877
7.415668
7.437056
7.447725
7.48008
7.507664
7.526489
7.548719
7.578823
7.599648
7.614548
7.642113
7.663378
7.67638
7.706713
7.722986
7.744167
7.754271
7.779839
7.812563
7.821268
7.857189
7.879227
7.896973
7.921255
7.936127
7.966148
7.99033
8.00563
8.019186
8.04147
8.067474
8.088413
8.113373
8.12402
8.154547
8.173786
8.199198
8.214788
8.224678
8.257925
8.280325
8.301214
8.331112
8.354353
8.373466
8.394831
8.417679
8.437935
8.444563
8.46961
8.489971
8.519077
8.545057
8.564943
8.58659
8.608471
8.635473
8.659037
8.683891
8.695486
8.709646
8.731689
8.758354
8.771254
8.794029
8.820675
8.84231
8.875572
8.887569
8.89846
8.920345
8.946722
8.962303
8.980507
8.999254
9.032532
9.048859
9.066534
9.093105
9.118448
9.139685
9.163412
9.181437
9.199194
9.212313
9.231489
9.255413
9.276234
9.299679
9.332996
9.337465
9.365387
9.376612
9.399237
9.427164
9.443857
9.471407
9.49188
9.519608
9.535553
9.558233
9.571589
9.592865
9.619982
9.626635
9.643703
9.666222
9.689384
9.718578
9.745646
9.752905
9.770845
9.791878
9.821758
9.832148
9.85461
9.873247
9.892105
9.920378
9.946438
9.958851
9.984385
9.99951
10.024023
10.052906
10.07168
10.088226
10.105679
10.119524
10.152384
10.182753
10.194794
10.205139
10.235701
10.246616
10.263849
10.290474
10.319214
10.339153
10.35393
10.361912
10.390593
10.411112
10.434443
10.460634
10.487284
10.505253
10.524401
10.547218
10.567274
10.595543
10.612463
10.639214
10.657444
10.676008
10.688049
10.712915
10.734629
10.757763
10.775648
10.79291
10.81706
10.843798
10.860834
10.881876
10.895267
10.928419
10.94566
10.965929
10.990211
11.01321
11.030058
11.048052
11.068989
11.090908
11.121384
11.13489
11.160551
11.190598
11.202141
11.211393
11.24147
11.272602
11.287983
11.312473
11.310703
11.329531
11.3514
11.380795
11.41325
11.424597
11.450447
11.465185
11.486786
11.506256
11.548296
11.562651
11.582167
11.603268
11.620289
11.639025
11.650505
11.68512
11.697151
11.725685
11.743927
11.765625
11.779388
11.808632
11.828264
11.840382
11.871092
11.901335
11.917891
11.940659
11.955738
11.973501
11.993353
12.013773
12.046343
12.057222
12.080374
12.097923
12.130716
12.152729
12.17227
12.193092
12.201761
12.221573
12.241045
12.27293
12.307005
12.314453
12.329903
12.351625
12.382185
12.38002
12.415356
12.450823
12.473303
12.481941
12.491592
12.5242
12.554848
12.571415
12.577927
12.618935
12.638699
12.650656
12.678762
12.705364
12.713053
12.735359
12.750944
12.771107
12.801596
12.827879
12.854565
12.871796
12.895033
12.904142
12.926985
12.946131
12.969694
12.999237
13.014973
13.037001
13.055483
13.086462
13.101507
13.124487
13.139975
13.166264
13.177963
13.218727
13.228504
13.243141
13.261538
13.293266
13.324839
13.334934
13.359898
13.378189
13.396872
13.415226
13.446033
13.463049
13.487904
13.508299
13.527546
13.548695
13.577242
13.599684
13.612467
13.634794
13.652939
13.680714
13.70051
13.720703
13.737064
13.769907
13.795153
13.812946
13.823999
13.847923
13.864405
13.886545
13.914366
13.949999
13.959337
13.971714
14.007757
14.019495
14.040997
14.069151
14.103382
14.116062
14.128908
14.151648
14.172066
14.184887
14.212439
14.240326
14.255041
14.274214
14.312817
14.326826
14.350626
14.37108
14.400301
14.411833
14.426428
14.448395
14.477287
14.490475
14.516081
14.532507
14.56336
14.587673
14.612976
14.629587
14.652208
14.67555
14.696085
14.708229
14.730682
14.761209
14.782667
14.808405
14.822535
14.846426
14.871243
14.894211
14.901897
14.924593
14.941113
14.97294
14.997156
15.022964
15.043388
15.0609
15.07641
15.111067
15.141111
15.14937
15.170792
15.184042
15.212688
15.241098
15.260342
15.28035
15.298279
15.337034
15.34141
15.376324
15.396011
15.404902
15.440155
15.456066
15.476868
15.503099
15.511412
15.534986
15.563437
15.594688
15.601866
15.641819
15.656652
15.682196
15.704447
15.72435
15.73975
15.772856
15.786432
15.810358
15.842363
15.848198
15.865705
15.894001
15.921419
15.936684
15.940851
15.99098
16.002701
16.022833
16.042585
16.066793
16.087008
16.120665
16.135317
16.149218
16.186201
16.211554
16.224005
16.245813
16.269585
16.286764
16.309374
16.316425
16.340706
16.363955
16.389687
16.42016
16.444122
16.462183
16.48637
16.501219
16.517889
16.548376
16.571505
16.598488
16.62602
16.649467
16.661413
16.685993
16.701729
16.723684
16.758734
16.782139
16.802656
16.821119
16.840033
16.867434
16.882748
16.910007
16.933678
16.96204
16.980106
17.009933
17.021126
17.042007
17.064806
17.08956
17.118946
17.145782
17.159092
17.173407
17.194656
17.218628
17.25169
17.259167
17.288395
17.31794
17.333082
17.360685
17.380341
17.38736
17.417704
17.444317
17.476362
17.478729
17.515331
17.533657
17.557133
17.579689
17.605782
17.631327
17.653816
17.677483
17.691645
17.711403
17.739185
17.757847
17.780663
17.814966
17.823021
17.849514
17.882561
17.891323
17.91736
17.937653
17.962685
17.995289
18.012508
18.030262
18.056515
18.076183
18.094353
18.124649
18.143553
18.157806
18.183481
18.205454
18.227245
18.249676
18.261726
18.296444
18.323223
18.348768
18.358337
18.391739
18.424812
18.438652
18.462727
18.475523
18.500813
18.531082
18.562609
18.570339
18.590303
18.613102
18.636816
18.660824
18.684486
18.720392
18.734501
18.75386
18.771477
18.797733
18.816692
18.844334
18.872574
18.902296
18.914469
18.938585
18.96002
18.988829
19.013144
19.030231
19.046358
19.078232
19.107977
19.113918
19.14291
19.160778
19.193661
19.205526
19.233337
19.249352
19.277908
19.299154
19.326902
19.345787
19.370331
19.391787
19.417885
19.424305
19.451675
19.482521
19.504089
19.5275
19.563007
19.579315
19.596233
19.612043
19.644321
19.668835
19.692471
19.715622
19.729595
19.759762
19.791344
19.813835
19.835365
19.862225
19.88261
19.898413
19.92181
19.939686
19.967159
19.991447
20.013691
20.029964
20.069489
20.084179
20.103666
20.122484
20.1544
20.174328
20.195621
20.213146
20.240967
20.260139
20.289402
20.312153
20.335115
20.366962
20.38723
20.405922
20.432623
20.45433
20.473568
20.50491
20.528305
20.544369
20.555561
20.592056
20.620998
20.63673
20.661089
20.689423
20.706604
20.730156
20.747343
20.779774
20.799761
20.820692
20.827723
20.865396
20.902454
20.914705
20.947136
20.962519
20.990795
21.001625
21.028145
21.065308
21.081863
21.102001
21.128189
21.152439
21.167826
21.194536
21.225822
21.246475
21.261292
21.291656
21.307137
21.337523
21.353077
21.382057
21.411171
21.436317
21.461319
21.484455
21.503532
21.525871
21.547653
21.567417
21.592724
21.61606
21.650927
21.677723
21.695488
21.709908
21.729004
21.764259
21.789986
21.801388
21.830269
21.849583
21.863932
21.898201
21.919918
21.946741
21.972187
21.988052
22.010143
22.051184
22.068577
22.101248
22.124269
22.138481
22.166069
22.195011
22.207626
22.231897
22.254744
22.272007
22.29464
22.318737
22.350599
22.371481
22.401573
22.415833
22.443924
22.480877
22.500944
22.525017
22.553616
22.562267
22.572292
22.61578
22.640549
22.649248
22.674953
22.704176
22.718405
22.738016
22.770115
22.800789
22.823439
22.847301
22.868958
22.891426
22.919708
22.932039
22.960159
22.982738
23.014908
23.033012
23.064781
23.092951
23.109104
23.133789
23.162117
23.186836
23.203041
23.230932
23.257133
23.292006
23.30933
23.326866
23.354431
23.366558
23.403294
23.427088
23.444172
23.463673
23.493546
23.511585
23.534195
23.547653
23.576174
23.615967
23.629349
23.660107
23.683697
23.69669
23.725189
23.765499
23.778847
23.807308
23.828804
23.858101
23.8841
23.898767
23.925194
23.946754
23.973719
24.012093
24.02766
24.049824
24.076939
24.100136
24.11961
24.150452
24.167908
24.189396
24.212879
24.243732
24.273022
24.294254
24.316383
24.348539
24.390385
24.391727
24.417349
24.433475
24.459356
24.477127
24.509697
24.546638
24.567532
24.585253
24.609676
24.627495
24.659555
24.68454
24.703388
24.734524
24.753624
24.774666
24.808361
24.834461
24.856361
24.873495
24.900173
24.926655
24.951323
24.979233
24.995871
25.023806
25.049324
25.063065
25.081444
25.113316
25.150455
25.174837
25.192455
25.216665
25.237471
25.27076
25.292164
25.320255
25.346956
25.368065
25.380461
25.409731
25.437397
25.475201
25.492096
25.515938
25.547367
25.578932
25.599443
25.618053
25.63776
25.67177
25.694862
25.711054
25.737137
25.763884
25.782082
25.810989
25.834364
25.859127
25.888014
25.914783
25.938759
25.95726
25.990988
26.008541
26.037205
26.059158
26.084856
26.111158
26.134663
26.15597
26.185907
26.205994
26.224026
26.265638
26.296392
26.311676
26.331152
26.356457
26.373617
26.400425
26.437927
26.451382
26.485468
26.505915
26.521862
26.562838
26.586361
26.604725
26.629601
26.663284
26.67498
26.704348
26.733051
26.759525
26.79615
26.804419
26.83419
26.862358
26.890644
26.908051
26.933002
26.958746
26.984077
27.005478
27.033394
27.051409
27.081221
27.111122
27.134758
27.161404
27.183876
27.207108
27.227835
27.260601
27.284334
27.311419
27.337337
27.36713
27.390907
27.420319
27.440746
27.469568
27.492762
27.521994
27.542824
27.561916
27.58218
27.601982
27.638742
27.660023
27.686155
27.71323
27.749172
27.771435
27.80098
27.820992
27.847561
27.872976
27.893242
27.910963
27.939831
27.974855
28.001619
28.029524
28.057226
28.080591
28.092123
28.135448
28.154898
28.17128
28.204039
28.238352
28.265419
28.279381
28.307724
28.327291
28.348822
28.392759
28.410866
28.438948
28.455263
28.476196
28.507132
28.528069
28.562136
28.593266
28.625446
28.641716
28.670712
28.69236
28.723745
28.739861
28.763407
28.789515
28.824383
28.835884
28.859131
28.898502
28.921368
28.94812
28.964546
28.988647
29.014029
29.041473
29.073627
29.089811
29.123051
29.154686
29.172327
29.200146
29.220915
29.247196
29.281286
29.308941
29.321466
29.348076
29.386375
29.413773
29.440945
29.470779
29.482557
29.510502
29.537773
29.571766
29.601303
29.620354
29.646044
29.678978
29.700531
29.726234
29.748852
29.771822
29.796806
29.820721
29.851927
29.882183
29.910522
29.92301
29.957106
29.987984
30.003841
30.030806
30.062134
30.079954
30.104664
30.135912
30.164598
30.186649
30.217556
30.248796
30.280727
30.293589
30.324707
30.34182
30.38776
30.410072
30.430702
30.462889
30.486372
30.506792
30.544302
30.564213
30.593191
30.613157
30.635651
30.660412
30.692955
30.710936
30.729183
30.776577
30.806717
30.828054
30.851545
30.88253
30.913864
30.933294
30.963356
30.988008
31.024174
31.0518
31.065569
31.092983
31.114092
31.142509
31.170378
31.193621
31.211168
31.243958
31.274141
31.303484
31.331348
31.355061
31.386082
31.411489
31.437334
31.477226
31.499393
31.513685
31.544149
31.562515
31.589888
31.618385
31.653969
31.666418
31.703892
31.725204
31.751921
31.774746
31.805832
31.822895
31.858618
31.890877
31.91942
31.941809
31.970818
31.991459
32.018417
32.049297
32.080242
32.104687
32.138031
32.163528
32.197647
32.221504
32.246998
32.271812
32.298664
32.314812
32.353874
32.379219
32.400505
32.427784
32.459908
32.486767
32.518135
32.53907
32.572197
32.598206
32.628719
32.650089
32.682419
32.707932
32.730366
32.764614
32.787266
32.805157
32.833405
32.866108
32.890533
32.920658
32.945057
32.97596
33.006096
33.03038
33.064159
33.086121
33.108074
33.142841
33.164101
33.190033
33.217312
33.244438
33.273605
33.301308
33.327423
33.366909
33.397541
33.415401
33.445232
33.472275
33.495159
33.514866
33.553146
33.579601
33.604401
33.621025
33.667259
33.687546
33.70364
33.740402
33.773876
33.801762
33.820198
33.858978
33.872677
33.894924
33.937405
33.962761
33.997265
34.020325
34.047409
34.084579
34.109753
34.129417
34.155201
34.179745
34.203568
34.231899
34.263416
34.302299
34.332699
34.355267
34.378098
34.417992
34.449543
34.465275
34.504902
34.521664
34.547363
34.568115
34.598324
34.640659
34.668156
34.691761
34.716187
34.7547
34.77784
34.800377
34.825214
34.857067
34.886311
34.916492
34.9515
34.973526
34.997723
35.027977
35.057663
35.082775
35.111122
35.131638
35.16116
35.203926
35.225372
35.23851
35.287373
35.323029
35.341324
35.368191
35.398754
35.425983
35.445564
35.463493
35.491615
35.526081
35.553871
35.580524
35.617908
35.640244
35.670776
35.696812
35.731541
35.76754
35.786217
35.810955
35.83408
35.879364
35.911167
35.924988
35.945347
35.982487
36.010769
36.041496
36.079453
36.106766
36.137299
36.163483
36.194462
36.213787
36.24551
36.275364
36.296097
36.323284
36.353687
36.393539
36.420841
36.439316
36.478817
36.507778
36.532974
36.553623
36.577446
36.608101
36.646904
36.67672
36.707939
36.742512
36.778522
36.796455
36.81974
36.847153
36.870792
36.899422
36.936066
36.961414
36.990246
37.019783
37.047432
37.077286
37.1012
37.140316
37.169491
37.190182
37.222462
37.256573
37.285633
37.30838
37.340248
37.366829
37.395336
37.421913
37.461205
37.486511
37.525234
37.554348
37.589066
37.601994
37.6297
37.662251
37.695808
37.714409
37.748592
37.774956
37.795517
37.835648
37.866436
37.890354
37.922489
37.953835
37.992523
38.017643
38.042976
38.076073
38.112595
38.131702
38.162285
38.193298
38.231968
38.255383
38.282867
38.309536
38.343697
38.374474
38.409595
38.433292
38.459045
38.491352
38.511806
38.535553
38.563309
38.594551
38.632
38.661125
38.686039
38.731434
38.750248
38.776527
38.810467
38.843624
38.874218
38.91301
38.936874
38.966373
38.993111
39.0214
39.055939
39.081398
39.107174
39.143589
39.170799
39.198273
39.224098
39.264244
39.283451
39.320747
39.359718
39.376801
39.409817
39.449654
39.473263
39.512825
39.536915
39.549129
39.587414
39.625362
39.666885
39.679909
39.716389
39.748127
39.768394
39.796791
39.827042
39.853901
39.888882
39.919231
39.950771
39.982388
40.011181
40.036499
40.062157
40.108738
40.129047
40.161606
40.20121
40.234795
40.264187
40.292328
40.31123
40.343067
40.375904
40.402428
40.437775
40.468674
40.510628
40.532986
40.557587
40.598167
40.618931
40.655987
40.676453
40.711792
40.73851
40.775856
40.815094
40.836494
40.865047
40.890347
40.933964
40.965179
41.001484
41.036671
41.064575
41.091934
41.118832
41.147511
41.183884
41.212837
41.243011
41.269783
41.298996
41.327541
41.359753
41.395397
41.425533
41.459709
41.481037
41.527878
41.554184
41.563477
41.613392
41.649689
41.667126
41.696968
41.739182
41.76862
41.803673
41.829239
41.853706
41.891537
41.91983
41.96228
41.984871
42.013977
42.0453
42.082699
42.114105
42.147804
42.16996
42.199211
42.231979
42.274487
42.304146
42.336006
42.376083
42.398903
42.427204
42.471581
42.499237
42.533684
42.554844
42.586243
42.613644
42.638344
42.683342
42.718102
42.750687
42.784836
42.800907
42.845978
42.878334
42.901661
42.93576
42.957642
42.996155
43.022072
43.056747
43.09063
43.123848
43.156483
43.18914
43.220367
43.244225
43.284832
43.318062
43.356583
43.393246
43.419674
43.449272
43.480392
43.510944
43.540684
43.577404
43.604397
43.632133
43.66774
43.701084
43.738487
43.759838
43.788734
43.817654
43.867752
43.898819
43.930988
43.964188
43.995663
44.024765
44.052422
44.091034
44.120667
44.16703
44.189732
44.21669
44.250385
44.282475
44.313347
44.345398
44.379173
44.409565
44.447712
44.483456
44.514027
44.532761
44.57552
44.607956
44.634136
44.661346
44.705948
44.74017
44.775402
44.811462
44.836178
44.874348
44.905972
44.945263
44.98938
45.014542
45.041191
45.071365
45.098854
45.142811
45.169449
45.204227
45.241142
45.274609
45.304737
45.339333
45.381119
45.403828
45.442467
45.471085
45.497841
45.530598
45.563992
45.597492
45.634995
45.66523
45.70219
45.736076
45.76202
45.796402
45.832108
45.85582
45.895142
45.938232
45.965004
46.000843
46.034958
46.071419
46.102989
46.143478
46.172314
46.200924
46.233765
46.277287
46.310677
46.353477
46.376278
46.407249
46.437454
46.47628
46.508072
46.546391
46.581944
46.620468
46.6493
46.685593
46.706295
46.755001
46.778358
46.813869
46.853668
46.889545
46.9244
46.958771
46.993584
47.019032
47.058537
47.091644
47.135368
47.168098
47.19606
47.234608
47.263466
47.301998
47.331463
47.355141
47.399994
47.434658
47.464596
47.503712
47.53561
47.565136
47.609158
47.631355
47.673561
47.701134
47.739933
47.776657
47.805786
47.841904
47.881298
47.918377
47.95126
47.983444
48.018532
48.049603
48.085236
48.119751
48.15292
48.189331
48.23373
48.267887
48.297783
48.338943
48.3759
48.413895
48.44651
48.477806
48.514332
48.539253
48.580048
48.614742
48.649563
48.680511
48.713955
48.747372
48.781784
48.818298
48.853184
48.897743
48.931427
48.961693
49.004204
49.036842
49.079239
49.099857
49.136047
49.175896
49.211929
49.239182
49.283611
49.316494
49.343071
49.388557
49.429699
49.463722
49.507088
49.543701
49.578239
49.60511
49.634094
49.680077
49.711174
49.74958
49.783928
49.82576
49.862579
49.898674
49.928261
49.963749
50.006599
50.046097
50.086689
50.112507
50.147331
50.186245
50.225307
50.261185
50.292637
50.321903
50.375732
50.399635
50.440598
50.48159
50.505905
50.542053
50.585403
50.610069
50.66777
50.70903
50.735115
50.762474
50.797958
50.851089
50.878254
50.906357
50.953522
50.991764
51.015873
51.056774
51.103737
51.141941
51.169205
51.204365
51.255348
51.28302
51.322704
51.359627
51.391747
51.432243
51.473
51.499363
51.542099
51.572464
51.625233
51.650841
51.688698
51.721931
51.754791
51.793274
51.826431
51.871712
51.913498
51.946686
51.981033
52.020138
52.05674
52.094551
52.140564
52.177025
52.208511
52.243416
52.289196
52.31797
52.359631
52.40839
52.433296
52.475357
52.508461
52.562271
52.59893
52.624912
52.663857
52.7043
52.735405
52.778965
52.82074
52.852936
52.893024
52.943695
52.980324
53.019367
53.050114
53.087978
53.122719
53.170135
53.218674
53.245823
53.274559
53.321758
53.365353
53.397865
53.430984
53.472935
53.510925
53.554241
53.588871
53.625267
53.670265
53.714622
53.751602
53.778702
53.817245
53.863483
53.906303
53.943398
53.980438
54.015686
54.044022
54.089287
54.129269
54.16153
54.218529
54.249973
54.291142
54.332829
54.372719
54.409645
54.450226
54.487743
54.535072
54.563328
54.61404
54.651634
54.682022
54.729805
54.772423
54.801224
54.840302
54.879768
54.923706
54.959698
55.004814
55.038689
55.078339
55.124878
55.167465
55.207291
55.24015
55.286213
55.328247
55.364571
55.409225
55.446465
55.492863
55.529118
55.568665
55.610725
55.645203
55.689682
55.738537
55.772449
55.812943
55.85141
55.905022
55.938358
55.984192
56.034279
56.061722
56.095665
56.143692
56.16349
56.219135
56.259048
56.311333
56.350029
56.378883
56.413067
56.461502
56.497974
56.55127
56.586945
56.641609
56.680187
56.718048
56.760155
56.808331
56.844337
56.888317
56.931026
56.966415
57.000156
57.044594
57.089432
57.134087
57.17065
57.217892
57.255573
57.29435
57.341965
57.386757
57.427986
57.467857
57.510063
57.547615
57.592644
57.643059
57.684708
57.722374
57.758255
57.792072
57.844597
57.884209
57.936028
57.975945
58.009178
58.056023
58.093155
58.136337
58.176674
58.230042
58.281784
58.295753
58.359627
58.400314
58.438484
58.483624
58.532166
58.577637
58.616074
58.65266
58.712189
58.746944
58.78616
58.833523
58.882492
58.923016
58.977829
59.014862
59.050526
59.093285
59.1408
59.181236
59.222103
59.266167
59.320595
59.353828
59.40155
59.447933
59.480122
59.52243
59.565971
59.62352
59.65855
59.695137
59.761833
59.792793
59.840141
59.895309
59.942482
59.98143
60.022133
60.067017
60.112553
60.151558
60.205544
60.24958
60.282654
60.325348
60.368195
60.418678
60.466698
60.507603
60.546341
60.601604
60.652916
60.701462
60.742584
60.784355
60.847107
60.874771
60.915108
60.973595
61.011044
61.063992
61.100998
61.147526
61.192924
61.23587
61.282463
61.334282
61.377457
61.419792
61.476479
61.511986
61.56078
61.615074
61.660248
61.703079
61.750839
61.79184
61.842453
61.879066
61.947189
61.995079
62.028336
62.093979
62.130096
62.171913
62.22596
62.262527
62.316944
62.355995
62.415695
62.453987
62.497658
62.54583
62.592834
62.640289
62.695179
62.747902
62.801472
62.843781
62.886086
62.932114
62.978378
63.025131
63.094955
63.139103
63.176941
63.231125
63.284843
63.324059
63.373001
63.418884
63.468788
63.518848
63.562714
63.602898
63.659958
63.707771
63.749474
63.803623
63.865456
63.913666
63.954506
63.995392
64.05497
64.102081
64.14576
64.199692
64.246384
64.292603
64.34407
64.386131
64.436508
64.49456
64.534676
64.599167
64.651718
64.698792
64.735359
64.791588
64.845261
64.899864
64.941559
64.990067
65.046356
65.089859
65.151764
65.206848
65.256676
65.312302
65.359467
65.400467
65.448807
65.51123
65.551056
65.606644
65.65947
65.704422
65.769791
65.82338
65.872948
65.925964
65.964943
66.02243
66.070419
66.128929
66.186607
66.242661
66.291412
66.332161
66.385445
66.440788
66.485504
66.535439
66.591248
66.648239
66.704742
66.760582
66.817093
66.868546
66.91745
66.973068
67.026505
67.0765
67.139137
67.189102
67.237381
67.29303
67.350143
67.405396
67.463333
67.509659
67.557816
67.614487
67.674278
67.737999
67.776291
67.828674
67.89817
67.946014
68.006775
68.061066
68.105682
68.156479
68.221344
68.276505
68.33934
68.38855
68.446198
68.498581
68.564865
68.61055
68.664185
68.729691
68.79126
68.836037
68.884094
68.947838
69.010239
69.054962
69.118874
69.179962
69.232948
69.29438
69.349899
69.411499
69.457939
69.520706
69.584686
69.628204
69.679169
69.746277
69.804916
69.867928
69.935066
69.985115
70.039703
70.095657
70.149529
70.214767
70.274071
70.333824
70.383942
70.454582
70.520256
70.57486
70.628662
70.688416
70.747093
70.803391
70.874329
70.930077
70.989166
71.042664
71.109978
71.175507
71.230927
71.292709
71.361496
71.422058
71.466537
71.534126
71.60363
71.659492
71.712448
71.780869
71.838051
71.906464
71.966248
72.042892
72.095322
72.157089
72.207306
72.270622
72.334076
72.409721
72.477058
72.524887
72.597008
72.652222
72.725082
72.786636
72.843597
72.920334
72.981934
73.038849
73.100723
73.165184
73.236786
73.285339
73.359924
73.426514
73.496796
73.560028
73.635315
73.704056
73.757614
73.828751
73.901871
73.963287
74.024673
74.094521
74.158958
74.227104
74.299164
74.356339
74.421295
74.492188
74.558472
74.630096
74.709763
74.77417
74.833031
74.897934
74.968399
75.039696
75.098907
75.187759
75.241341
75.317383
75.398346
75.461365
75.537659
75.615326
75.68161
75.739868
75.81234
75.885956
75.95636
76.028625
76.096115
76.182892
76.256226
76.316605
76.387207
76.456863
76.534142
76.61235
76.669922
76.744461
76.825584
76.899673
76.968941
77.044464
77.126709
77.195511
77.27034
77.344887
77.423157
77.505081
77.580795
77.65696
77.733109
77.813614
77.876877
77.961823
78.041016
78.119179
78.189697
78.27552
78.352722
78.439171
78.514809
78.591171
78.666733
78.752975
78.835266
78.902893
78.986938
79.075577
79.153931
79.231842
79.316071
79.396873
79.47316
79.557083
79.650955
79.725281
79.820038
79.903397
79.98085
80.057281
80.145187
80.239014
80.326797
80.398384
80.491234
80.583397
80.676979
80.756332
80.847168
80.933334
81.015625
81.102501
81.201233
81.296341
81.382736
81.472382
81.558624
81.6521
81.742294
81.832733
81.912338
82.0103
82.114563
82.200569
82.291977
82.392265
82.482086
82.585602
82.685074
82.783264
82.880119
82.969337
83.068436
83.168472
83.262596
83.357895
83.461914
83.553909
83.659531
83.759888
83.861099
83.964874
84.068481
84.173721
84.269402
84.378555
84.486458
84.588394
84.696823
84.794907
84.906815
85.020508
85.129425
85.235214
85.350647
85.466293
85.573059
85.68644
85.800293
85.921249
86.034447
86.15274
86.275345
86.386887
86.496017
86.63179
86.755013
86.860962
86.983566
87.103279
87.229706
87.350876
87.481552
87.617287
87.755447
87.876595
88.011978
88.141563
88.284363
88.406334
88.54892
88.687134
88.828812
88.972435
89.118332
89.253517
89.404266
89.556244
89.702591
89.865471
90.014282
90.171997
90.325912
90.483841
90.654503
90.818382
90.985657
91.161377
91.332581
91.499489
91.683777
91.88176
92.061157
92.246071
92.441628
92.646286
92.84211
93.056122
93.259857
93.445389
93.640137
93.809746
93.982132
94.116508
94.228241
94.333565
94.393158
94.4319
94.452744
94.449295
94.410828
94.366165
94.297813
94.20993
94.103134
93.995644
93.861961
93.727402
93.563889
93.394379
93.216209
93.019058
92.796738
92.57872
92.337112
92.086365
91.824356
91.554413
91.285309
91.000809
90.688477
90.378372
90.080132
89.74527
89.413834
89.066422
88.700577
88.334518
87.968971
87.589668
87.189484
86.80249
86.39946
85.979263
85.55925
85.144684
84.714706
84.278671
83.846725
83.394165
82.929543
82.468529
82.006599
81.535904
81.057938
80.588333
80.086777
79.594101
79.100739
78.614273
78.11026
77.604416
77.095718
76.580078
76.078842
75.552368
75.032143
74.520981
73.9813
73.443298
72.904358
72.381241
71.856262
71.316689
70.769379
70.241066
69.70269
69.158951
68.621399
68.080612
67.539932
66.991409
66.441452
65.893898
65.342224
64.786613
64.236717
63.684528
63.142281
62.579987
62.035088
61.491322
60.944996
60.394291
59.83744
59.288216
58.736374
58.191193
57.623436
57.068775
56.513206
55.963963
55.425072
54.873894
54.326378
53.776428
53.227615
52.67535
52.133373
51.577965
51.035149
50.486443
49.926811
49.383915
48.840126
48.297539
47.749405
47.206364
46.661171
46.12516
45.585312
45.041462
44.491703
43.95343
43.405582
42.866146
42.31427
41.777298
41.237919
40.687798
40.158913
39.621563
39.088982
38.548691
38.0191
37.468159
36.930428
36.402695
35.871986
35.333771
34.796097
34.265675
33.727734
33.195145
32.664528
32.141392
31.611797
31.078323
30.544397
30.012651
29.499424
28.973455
28.440441
27.908096
27.373535
26.859577
26.325768
25.796474
25.271992
24.741755
24.223511
23.702595
23.173771
22.650108
22.126381
21.611202
21.086996
20.562004
20.035456
19.508801
18.98955
18.46278
17.941105
17.440071
16.907625
16.383383
15.860645
15.344532
14.837873
14.327133
13.810423
13.294683
12.813404
12.325878
11.855795
11.406614
10.970024
10.56673
10.185318
9.829185
9.487808
9.174406
8.897718
8.62483
8.378752
8.156872
7.937233
7.73534
7.55814
7.400112
7.240274
7.104038
6.988899
6.866283
6.769785
6.681147
6.606684
6.538792
6.469559
6.410091
6.365767
6.326221
6.292656
6.251204
6.210461
6.190529
6.174896
6.160198
6.142347
6.138676
6.145397
6.140488
6.138529
6.140514
6.140472
6.148397
6.160721
6.158768
6.168499
6.176468
6.1861
6.202639
6.209949
6.228422
6.246918
6.266201
6.289806
6.309542
6.332487
6.349319
6.367102
6.391613
6.40432
6.428413
6.455696
6.464167
6.480637
6.523142
6.531061
6.557905
6.591307
6.601128
6.62948
6.6539
6.677259
6.709097
6.721432
6.743814
6.763771
6.781487
6.799519
6.820372
6.848253
6.870882
6.895271
6.931211
6.952049
6.971277
6.998062
7.023556
7.059284
7.069164
7.085924
7.104258
7.131021
7.154736
7.180243
7.203945
7.23394
7.24988
7.283253
7.295197
7.311363
7.336277
7.36622
7.39069
7.41309
7.433487
7.451557
7.469538
7.498306
7.527821
7.544687
7.573503
7.594351
7.621614
7.652863
7.666544
7.684174
7.706026
7.719488
7.750731
7.764269
7.784727
7.810963
7.830736
7.851702
7.874966
7.906109
7.92988
7.955809
7.967152
7.982943
8.008759
8.025757
8.049541
8.064962
8.087736
8.115198
8.143036
8.160892
8.179871
8.194643
8.224979
8.241999
8.271975
8.295681
8.294645
8.32065
8.34672
8.367762
8.379509
8.412205
8.441517
8.458405
8.474302
8.495634
8.516632
8.549137
8.569357
8.586887
8.602003
8.626331
8.639576
8.668081
8.694933
8.713762
8.724936
8.734499
8.768742
8.789936
8.811415
8.840965
8.861568
8.879007
8.906921
8.927614
8.93552
8.955481
8.98872
9.009041
9.031013
9.054701
9.066574
9.093197
9.115055
9.140533
9.15189
9.176104
9.202461
9.218824
9.245718
9.25001
9.272364
9.303282
9.324421
9.328671
9.349947
9.384495
9.404102
9.424053
9.441767
9.463787
9.49229
9.515562
9.517208
9.556997
9.578325
9.592983
9.604105
9.619949
9.651182
9.6719
9.700943
9.717621
9.732811
9.744736
9.768608
9.798384
9.813124
9.840441
9.860287
9.869978
9.899569
9.91757
9.940748
9.958838
9.98797
10.017977
10.02968
10.051994
10.061735
10.081074
10.099382
10.126768
10.147331
10.174534
10.178005
10.20557
10.230455
10.239336
10.261353
10.29841
10.307594
10.335947
10.355396
10.378239
10.396116
10.412525
10.445309
10.468071
10.492266
10.501099
10.528509
10.551432
10.574015
10.584185
10.609426
10.640226
10.659908
10.666664
10.701473
10.719656
10.732782
10.755365
10.770319
10.804346
10.821939
10.843575
10.861803
10.880535
10.901409
10.925974
10.952604
10.966579
10.985006
11.009171
11.024588
11.042576
11.072247
11.081865
11.11095
11.127413
11.148453
11.168541
11.185543
11.207975
11.232622
11.261124
11.28554
11.293009
11.309629
11.337303
11.357044
11.380901
11.401863
11.426029
11.442755
11.474743
11.496651
11.508299
11.528666
11.553881
11.554604
11.594551
11.626541
11.635729
11.656464
11.681856
11.694588
11.719131
11.747168
11.764322
11.779768
11.809143
11.836243
11.852909
11.871197
11.891844
11.922403
11.935066
11.954056
11.97205
11.996809
12.025164
12.038971
12.063429
12.084986
12.109333
12.128317
12.138008
12.158478
12.18321
12.214251
12.22859
12.253927
12.276924
12.295738
12.314716
12.341583
12.345579
12.373922
12.392838
12.406237
12.444164
12.471909
12.494097
12.506102
12.539614
12.543606
12.585989
12.593241
12.61025
12.619223
12.645906
12.673786
12.696526
12.711891
12.735804
12.752714
12.77841
12.798849
12.837824
12.840187
12.872553
12.886314
12.897896
12.930828
12.950695
12.978317
12.989145
13.018742
13.047525
13.070108
13.085405
13.106022
13.125227
13.139961
13.159668
13.180876
13.201561
13.226154
13.256491
13.277796
13.293512
13.317045
13.336384
13.359812
13.387794
13.40749
13.419058
13.450863
13.461248
13.49814
13.521097
13.534607
13.547012
13.573448
13.595211
13.617361
13.633678
13.65554
13.685974
13.707941
13.728043
13.737604
13.758699
13.790754
13.809092
13.831396
13.852768
13.875305
13.899363
13.921305
13.9487
13.962591
13.979904
14.001785
14.035219
14.04281
14.054594
14.08103
14.111399
14.131203
14.145363
14.167559
14.19598
14.223389
14.239515
14.251799
14.287073
14.305258
14.33264
14.341858
14.366249
14.393972
14.411924
14.434898
14.452494
14.471012
14.50602
14.527256
14.538084
14.559343
14.574348
14.603825
14.630205
14.647514
14.66678
14.691019
14.702822
14.730169
14.759645
14.779165
14.795986
14.807911
14.842102
14.858507
14.874411
14.900801
14.932026
14.952398
14.972898
15.003407
15.021467
15.054852
15.072258
15.086845
15.101938
15.123941
15.142918
15.163473
15.187128
15.215399
15.227718
15.252617
15.272943
15.302546
15.323811
15.352623
15.374775
15.390215
15.414003
15.438028
15.454805
15.475986
15.500341
15.512953
15.543209
15.555891
15.588995
15.604425
15.636396
15.654228
15.675407
15.696083
15.711281
15.742338
15.774368
15.782211
15.812397
15.833282
15.859894
15.862509
15.893257
15.913439
15.939434
15.960732
15.977856
16.006351
16.024086
16.047365
16.061665
16.102757
16.117008
16.130901
16.149008
16.175617
16.205143
16.215441
16.240881
16.264387
16.282019
16.308683
16.328413
16.358217
16.378061
16.388577
16.421335
16.448671
16.471088
16.495934
16.513247
16.540716
16.558264
16.575747
16.602041
16.63015
16.651533
16.67655
16.696037
16.717134
16.735283
16.752357
16.775429
16.80245
16.829788
16.842331
16.879448
16.895866
16.902683
16.931286
16.947807
16.966251
16.997711
17.027573
17.033897
17.056316
17.089058
17.109121
17.134809
17.163124
17.182289
17.20853
17.208954
17.233891
17.263081
17.289276
17.310898
17.339304
17.348539
17.373291
17.390282
17.420418
17.44437
17.461716
17.481438
17.501148
17.541136
17.551069
17.569578
17.604282
17.624859
17.646839
17.660015
17.6931
17.712528
17.737484
17.744083
17.778339
17.800667
17.828087
17.850864
17.867424
17.901615
17.925911
17.955868
17.9592
17.988068
18.01487
18.0303
18.051762
18.072445
18.097572
18.126776
18.145874
18.182673
18.190342
18.217421
18.241116
18.260805
18.284716
18.302681
18.328461
18.361031
18.372932
18.397812
18.412106
18.4398
18.464458
18.477976
18.511269
18.525658
18.54891
18.563356
18.594929
18.618916
18.642399
18.663157
18.68903
18.701771
18.719765
18.74799
18.774132
18.798265
18.820095
18.848442
18.857796
18.884102
18.909496
18.935305
18.963814
18.993435
19.00333
19.031414
19.049953
19.073656
19.081573
19.113472
19.139496
19.162979
19.188763
19.212894
19.244934
19.260933
19.289852
19.301138
19.320061
19.344559
19.374161
19.387733
19.401737
19.439684
19.462715
19.487968
19.506992
19.533951
19.553701
19.575977
19.599487
19.624512
19.64641
19.668226
19.694412
19.704834
19.733507
19.762234
19.776672
19.80584
19.831886
19.846891
19.868046
19.894936
19.913208
19.940372
19.954132
19.987232
20.014122
20.042538
20.051241
20.076258
20.102823
20.122883
20.148369
20.175911
20.206144
20.218182
20.239586
20.258659
20.290245
20.314621
20.3351
20.357779
20.378515
20.396423
20.433376
20.459595
20.47522
20.506723
20.521816
20.546289
20.561216
20.590054
20.61433
20.642231
20.658169
20.680737
20.695526
20.722645
20.759424
20.783571
20.796677
20.819412
20.833355
20.865906
20.884811
20.906477
20.947193
20.954391
20.977135
21.005081
21.025816
21.054211
21.081701
21.097246
21.119303
21.143925
21.171326
21.185829
21.207941
21.240814
21.271908
21.281406
21.315876
21.344151
21.366505
21.381222
21.405075
21.43541
21.461689
21.485245
21.510509
21.527607
21.543064
21.570072
21.596975
21.610031
21.634766
21.664583
21.683266
21.712873
21.742796
21.756353
21.776432
21.806873
21.839581
21.849579
21.873306
21.893021
21.917278
21.950476
21.966553
22.000458
22.016563
22.040731
22.063488
22.080906
22.111225
22.139206
22.158476
22.180973
22.197567
22.226475
22.25452
22.293329
22.302666
22.332092
22.350658
22.367908
22.397604
22.428162
22.43791
22.463882
22.477051
22.519917
22.553459
22.567463
22.58922
22.620558
22.63464
22.653748
22.678356
22.706604
22.729172
22.754871
22.776867
22.799644
22.810581
22.851313
22.872044
22.889975
22.913727
22.93833
22.962713
22.983707
23.01123
23.043072
23.067749
23.082523
23.105175
23.133944
23.150145
23.172714
23.210396
23.226082
23.245617
23.278221
23.301863
23.330967
23.358231
23.382599
23.405336
23.420578
23.436623
23.46804
23.50083
23.528641
23.550343
23.562016
23.59845
23.620424
23.636837
23.6616
23.689112
23.71059
23.741062
23.76494
23.781582
23.803413
23.829538
23.85054
23.881695
23.90358
23.915613
23.945789
23.981564
24.00787
24.02763
24.044395
24.077454
24.098366
24.129066
24.152073
24.169052
24.198736
24.212677
24.242104
24.274418
24.290621
24.325356
24.352043
24.364265
24.388224
24.39901
24.420561
24.46151
24.484127
24.503593
24.536663
24.56204
24.586472
24.604687
24.641533
24.664307
24.676796
24.716091
24.741589
24.767689
24.792233
24.806396
24.823536
24.863937
24.879911
24.913383
24.931313
24.954073
24.975815
24.995026
25.019905
25.035637
25.061827
25.094797
25.116062
25.135174
25.167162
25.193764
25.213808
25.235683
25.266323
25.298418
25.305141
25.343214
25.367495
25.393925
25.426142
25.443375
25.469044
25.492086
25.510778
25.553175
25.574257
25.599079
25.611689
25.643692
25.670719
25.693153
25.717363
25.740433
25.760103
25.7868
25.810896
25.8372
25.857838
25.890375
25.910927
25.931387
25.958164
25.986141
26.004539
26.028736
26.054735
26.070412
26.108341
26.127483
26.15601
26.176697
26.198654
26.23267
26.257315
26.284107
26.298237
26.332489
26.361217
26.385277
26.425474
26.439341
26.461006
26.481667
26.506533
26.527943
26.550913
26.598972
26.615244
26.633499
26.66293
26.685692
26.702393
26.727243
26.75742
26.780312
26.805872
26.82489
26.860714
26.877644
26.904503
26.92906
26.95845
26.986465
27.004517
27.031166
27.063486
27.081539
27.102789
27.131044
27.151514
27.181606
27.20335
27.23173
27.253469
27.284233
27.308622
27.319721
27.3522
27.389156
27.41127
27.430202
27.460339
27.483944
27.521679
27.533615
27.56749
27.588646
27.611259
27.635698
27.667107
27.696758
27.714243
27.748207
27.770208
27.783857
27.818031
27.848598
27.869125
27.900467
27.921759
27.957426
27.977999
27.997837
28.035007
28.057655
28.085564
28.106152
28.123817
28.149315
28.170338
28.187534
28.218462
28.240042
28.273499
28.301666
28.329865
28.360903
28.384104
28.40506
28.438406
28.462574
28.487122
28.506668
28.537033
28.56214
28.583969
28.611042
28.625389
28.660046
28.674643
28.717148
28.742458
28.768869
28.794827
28.824236
28.8398
28.862097
28.898935
28.921124
28.934448
28.956816
28.983803
29.023552
29.045506
29.072472
29.098068
29.120878
29.154205
29.190224
29.208168
29.234758
29.258799
29.279346
29.307165
29.346684
29.366503
29.380701
29.408829
29.435978
29.468651
29.492607
29.512215
29.538357
29.559273
29.589905
29.613649
29.641096
29.667856
29.691158
29.726082
29.748672
29.775238
29.797903
29.826937
29.865324
29.8906
29.90741
29.929676
29.961931
29.979431
30.012001
30.03907
30.069592
30.087994
30.111897
30.137907
30.163704
30.193739
30.218138
30.242098
30.26753
30.285191
30.320999
30.341362
30.376303
30.407463
30.42984
30.462967
30.483419
30.518608
30.537329
30.558807
30.579451
30.625654
30.651892
30.664774
30.697477
30.714251
30.741558
30.784245
30.798792
30.821859
30.84944
30.875175
30.902489
30.930052
30.96114
30.983185
31.017427
31.047497
31.078455
31.092319
31.120775
31.143734
31.168472
31.19038
31.221943
31.256737
31.28598
31.307058
31.33979
31.369644
31.381332
31.401907
31.43969
31.46755
31.489773
31.517527
31.541197
31.568998
31.593039
31.615313
31.640413
31.67112
31.699602
31.726048
31.754993
31.775454
31.804161
31.836996
31.870184
31.893822
31.922905
31.938425
31.959156
31.988865
32.01878
32.047382
32.078644
32.090828
32.121918
32.161552
32.185013
32.208855
32.245945
32.274509
32.29842
32.332752
32.346924
32.372311
32.409847
32.435959
32.46019
32.485622
32.501171
32.543205
32.564014
32.59552
32.634129
32.643448
32.67588
32.701843
32.728214
32.751877
32.78669
32.811005
32.83247
32.859585
32.901203
32.922668
32.950535
32.980316
33.007946
33.030037
33.055874
33.075222
33.115883
33.140697
33.174572
33.196148
33.2248
33.251469
33.275642
33.308006
33.334061
33.353008
33.393135
33.418907
33.437943
33.468311
33.49979
33.526897
33.567692
33.583588
33.605503
33.636345
33.666405
33.700523
33.721489
33.739216
33.769188
33.789795
33.828903
33.857533
33.885521
33.91066
33.934334
33.959343
33.98933
34.015224
34.051903
34.077084
34.094318
34.12389
34.16291
34.183929
34.220623
34.243389
34.269119
34.30167
34.334557
34.36079
34.387253
34.412849
34.435764
34.459988
34.484299
34.519764
34.554329
34.56509
34.593987
34.633224
34.657196
34.686214
34.716309
34.743244
34.768837
34.79863
34.81855
34.850689
34.88073
34.904564
34.938984
34.969902
34.984653
35.019165
35.053562
35.082638
35.108192
35.140114
35.172104
35.2015
35.230083
35.24633
35.284145
35.309513
35.331715
35.364223
35.403763
35.429077
35.457752
35.47612
35.499161
35.527016
35.564167
35.588928
35.611759
35.633926
35.675156
35.700237
35.728828
35.762596
35.782597
35.8186
35.845627
35.87664
35.898678
35.930237
35.950722
35.98885
36.006668
36.03231
36.066914
36.094025
36.121212
36.145443
36.188808
36.227074
36.255367
36.277367
36.281155
36.330936
36.357395
36.37854
36.422932
36.447224
36.475399
36.500439
36.524364
36.550056
36.584946
36.620434
36.636806
36.674286
36.700336
36.738834
36.770626
36.798939
36.82922
36.841881
36.860401
36.896061
36.940617
36.959141
36.992336
37.02309
37.051682
37.091057
37.101952
37.137779
37.175591
37.207706
37.227074
37.258667
37.280876
37.308697
37.344028
37.367329
37.398975
37.427876
37.464874
37.479027
37.503223
37.546028
37.57769
37.597408
37.633175
37.657669
37.686508
37.722893
37.739765
37.784729
37.81691
37.843853
37.871063
37.905674
37.935459
37.953545
37.985199
38.001694
38.036716
38.063824
38.104984
38.132893
38.152405
38.190334
38.215374
38.245396
38.279808
38.31366
38.326473
38.353733
38.378616
38.425003
38.453331
38.489586
38.517208
38.550529
38.581188
38.604839
38.635605
38.664295
38.684372
38.72205
38.754784
38.77475
38.815201
38.835079
38.860767
38.893574
38.935341
38.972153
38.98988
39.029789
39.052502
39.078499
39.108879
39.146519
39.176083
39.203381
39.233238
39.263142
39.293961
39.322937
39.356632
39.381062
39.407261
39.443733
39.469166
39.501247
39.53352
39.558395
39.587616
39.614502
39.645683
39.668919
39.705456
39.734043
39.7798
39.797127
39.82486
39.857197
39.880333
39.913864
39.947319
39.988052
40.015907
40.034996
40.075165
40.108673
40.134239
40.161755
40.200474
40.227417
40.250507
40.280697
40.311764
40.348892
40.390858
40.402065
40.432747
40.458405
40.499603
40.524509
40.566299
40.594971
40.62994
40.652229
40.689472
40.715839
40.751698
40.777325
40.817696
40.839344
40.86927
40.900642
40.932587
40.964211
40.993233
41.024498
41.04837
41.080757
41.115185
41.151165
41.182041
41.211929
41.246876
41.269966
41.310207
41.336639
41.375416
41.409397
41.418724
41.451836
41.487202
41.516087
41.550316
41.587814
41.601555
41.630009
41.684322
41.712379
41.742859
41.763317
41.802811
41.840454
41.870811
41.897827
41.927174
41.958828
41.998314
42.021416
42.055878
42.092442
42.119465
42.132008
42.166908
42.199005
42.247704
42.265438
42.298294
42.316715
42.356354
42.383095
42.421211
42.449593
42.474957
42.52372
42.547482
42.57682
42.617435
42.640015
42.678108
42.708656
42.73838
42.774727
42.799843
42.827534
42.861332
42.905972
42.941025
42.969887
42.987865
43.029484
43.061184
43.091114
43.1199
43.152618
43.192955
43.223415
43.251961
43.281387
43.306427
43.348259
43.389069
43.40778
43.437164
43.475033
43.514969
43.538971
43.577152
43.606171
43.635811
43.664204
43.709736
43.732117
43.763187
43.794743
43.827576
43.855381
43.8946
43.929764
43.969173
43.995869
44.033043
44.063648
44.080921
44.119114
44.146557
44.18734
44.220325
44.262474
44.295868
44.324448
44.349468
44.37204
44.417213
44.453468
44.487831
44.517357
44.551281
44.586727
44.608315
44.641918
44.679665
44.70924
44.745476
44.781559
44.815159
44.840408
44.874882
44.905952
44.960239
44.976479
45.003883
45.036568
45.072342
45.107971
45.139381
45.172981
45.202385
45.238194
45.265045
45.294994
45.346085
45.371101
45.411331
45.442921
45.467369
45.503525
45.536903
45.573895
45.597591
45.634869
45.677231
45.704906
45.743908
45.778301
45.815094
45.842655
45.871655
45.899437
45.925667
45.980309
45.999176
46.032661
46.066261
46.110184
46.135101
46.166584
46.204079
46.227451
46.260033
46.311493
46.352161
46.377998
46.423054
46.448456
46.470394
46.511139
46.546074
46.578289
46.614044
46.638195
46.666344
46.708786
46.74659
46.777409
46.810905
46.835587
46.875687
46.92313
46.96653
46.981125
47.001198
47.037895
47.082657
47.117268
47.161285
47.195686
47.227764
47.2565
47.292866
47.33416
47.368706
47.397896
47.426769
47.463409
47.502243
47.533207
47.561642
47.604984
47.626835
47.655544
47.705132
47.742065
47.778679
47.820721
47.841137
47.873062
47.913204
47.947727
47.988277
48.017014
48.058552
48.09552
48.129829
48.166584
48.194244
48.226242
48.257317
48.29855
48.330616
48.368729
48.40815
48.44017
48.479401
48.507599
48.543159
48.583355
48.610523
48.645412
48.677204
48.718025
48.76284
48.793045
48.821182
48.849068
48.902164
48.935875
48.964737
49.000107
49.045601
49.06472
49.104301
49.141895
49.17514
49.207504
49.247902
49.284813
49.317333
49.343506
49.382881
49.41507
49.449627
49.49205
49.52869
49.565399
49.595337
49.632607
49.677177
49.706261
49.739983
49.782539
49.822262
49.859406
49.887917
49.924896
49.962048
49.992786
50.022949
50.077038
50.117134
50.14753
50.188347
50.216866
50.245171
50.299469
50.329773
50.363472
50.39698
50.440151
50.478809
50.523609
50.540802
50.580482
50.621445
50.670563
50.699783
50.741577
50.774368
50.809082
50.836411
50.868637
50.910614
50.951744
50.983727
51.014809
51.050903
51.086044
51.12632
51.17038
51.209419
51.243561
51.27478
51.320801
51.360924
51.385277
51.428177
51.463409
51.501064
51.549515
51.583424
51.61665
51.651039
51.690651
51.725822
51.757168
51.790909
51.838493
51.875523
51.91357
51.948742
51.984772
52.023403
52.06321
52.083202
52.128952
52.174648
52.222664
52.265144
52.291893
52.328281
52.364075
52.397099
52.432468
52.47731
52.51609
52.557625
52.590561
52.627823
52.663445
52.709778
52.734707
52.781593
52.824585
52.857819
52.892227
52.934513
52.96262
53.008034
53.043678
53.07634
53.121666
53.16404
53.206711
53.234871
53.289238
53.324524
53.357456
53.392105
53.434334
53.469398
53.507507
53.550232
53.587681
53.631218
53.672947
53.713707
53.751457
53.78722
53.831394
53.85461
53.903656
53.947929
53.982841
54.018471
54.051186
54.093082
54.136635
54.171135
54.205891
54.252884
54.292076
54.334518
54.373802
54.42028
54.456951
54.498169
54.528847
54.567329
54.611679
54.646622
54.685539
54.729893
54.764656
54.79924
54.841263
54.887554
54.921425
54.969582
55.010185
55.044106
55.091957
55.13134
55.163452
55.212357
55.248383
55.290581
55.329021
55.372383
55.409195
55.462387
55.481251
55.532936
55.574257
55.608585
55.654976
55.692509
55.724747
55.770073
55.807766
55.846886
55.884377
55.921825
55.960018
56.012825
56.059204
56.101627
56.134384
56.176777
56.216011
56.257942
56.307026
56.344475
56.387367
56.420937
56.453079
56.500519
56.540398
56.583359
56.620857
56.677147
56.711555
56.759407
56.79319
56.83543
56.875629
56.919731
56.962791
57.004097
57.044617
57.094421
57.119225
57.183365
57.219101
57.262878
57.303658
57.333885
57.379196
57.420509
57.472603
57.511208
57.552383
57.593742
57.624916
57.669819
57.721886
57.760628
57.801571
57.838516
57.887535
57.92659
57.973438
58.022202
58.063587
58.103939
58.135498
58.185596
58.215523
58.269257
58.315384
58.349136
58.389515
58.438683
58.481403
58.529144
58.570755
58.619156
58.65987
58.694199
58.734772
58.789375
58.828999
58.862755
58.912788
58.970058
59.008484
59.053631
59.09549
59.130146
59.18248
59.226353
59.27211
59.307487
59.357071
59.40535
59.446304
59.490459
59.535683
59.563148
59.614208
59.658985
59.703377
59.757057
59.792862
59.83992
59.88092
59.931351
59.977581
60.016464
60.062614
60.116776
60.14286
60.20211
60.2356
60.286049
60.32486
60.379662
60.43185
60.474995
60.526878
60.552414
60.60865
60.651176
60.685478
60.744621
60.784042
60.835327
60.871254
60.924389
60.965736
61.022171
61.063828
61.110062
61.147537
61.204208
61.259007
61.293003
61.338348
61.384491
61.432449
61.483521
61.516731
61.568741
61.613003
61.657974
61.706955
61.744846
61.792908
61.845032
61.891647
61.943115
61.989433
62.031479
62.07592
62.113869
62.176941
62.212288
62.25901
62.307312
62.369381
62.409096
62.459965
62.504585
62.555836
62.593132
62.647549
62.692356
62.749783
62.790585
62.83107
62.871712
62.932365
62.975082
63.021957
63.069244
63.128777
63.166012
63.228172
63.272408
63.318928
63.361248
63.415581
63.459499
63.504608
63.560772
63.621548
63.654358
63.71233
63.75824
63.798134
63.858055
63.903755
63.95435
63.996567
64.046097
64.102493
64.143959
64.194214
64.248291
64.290985
64.347366
64.389664
64.445587
64.498123
64.55484
64.597946
64.653732
64.687515
64.74263
64.804527
64.847565
64.891479
64.94278
64.992264
65.037125
65.086029
65.147697
65.19886
65.246162
65.294807
65.344734
65.395538
65.466415
65.502426
65.545898
65.608025
65.667328
65.708435
65.76149
65.816742
65.879059
65.928131
65.969696
66.021454
66.076622
66.135101
66.193863
66.245148
66.295692
66.338837
66.388443
66.445366
66.495277
66.54808
66.609985
66.65519
66.708473
66.768814
66.811302
66.868896
66.926376
66.972076
67.023239
67.091812
67.135269
67.179657
67.240753
67.294708
67.349564
67.398575
67.452423
67.503761
67.563408
67.607986
67.668121
67.715942
67.771805
67.836266
67.890274
67.939896
67.987373
68.044693
68.104828
68.168137
68.220955
68.281258
68.327393
68.375206
68.441475
68.509979
68.550056
68.607056
68.663322
68.732437
68.783409
68.840561
68.890594
68.953842
69.008743
69.056061
69.102203
69.170731
69.23098
69.284378
69.337029
69.407112
69.455917
69.517937
69.570709
69.62674
69.686752
69.751511
69.800972
69.857231
69.921646
69.97995
70.041611
70.092926
70.154831
70.211388
70.275764
70.327194
70.393501
70.450119
70.509277
70.567848
70.62101
70.684921
70.74234
70.813179
70.867401
70.930428
70.999008
71.05439
71.106323
71.19516
71.242249
71.302094
71.345291
71.40715
71.474442
71.523544
71.586029
71.653778
71.722519
71.776176
71.841095
71.904953
71.964172
72.027718
72.099167
72.149857
72.209839
72.283684
72.341362
72.413338
72.466095
72.534973
72.586281
72.662079
72.725632
72.780525
72.848114
72.9198
72.966591
73.044418
73.112366
73.160324
73.227837
73.287231
73.363403
73.426308
73.490326
73.555077
73.620338
73.686447
73.752274
73.817673
73.88459
73.955887
74.024689
74.096031
74.154541
74.21772
74.287216
74.349594
74.427452
74.492401
74.559769
74.634018
74.691391
74.761368
74.836212
74.906021
74.967529
75.03566
75.112534
75.176743
75.251968
75.317932
75.384117
75.454132
75.523033
75.603775
75.672409
75.740799
75.806198
75.88913
75.949524
76.028542
76.099258
76.16748
76.241486
76.316139
76.386627
76.460693
76.542847
76.620735
76.689377
76.754059
76.823135
76.907532
76.979568
77.044861
77.129951
77.203461
77.280945
77.35421
77.427132
77.497986
77.57164
77.651566
77.736877
77.810455
77.886353
77.962936
78.037491
78.11396
78.197495
78.272034
78.351273
78.421906
78.504707
78.596817
78.674232
78.754471
78.823929
78.899231
78.984085
79.06395
79.152802
79.230209
79.311356
79.394043
79.486313
79.564377
79.641525
79.730179
79.811661
79.894943
79.986717
80.06234
80.147568
80.224663
80.307724
80.407303
80.506775
80.584427
80.664742
80.749146
80.842888
80.931107
81.011513
81.113884
81.191498
81.282074
81.374031
81.463631
81.552597
81.639587
81.730652
81.822701
81.91394
82.017838
82.102043
82.204185
82.294266
82.393204
82.48497
82.57296
82.684052
82.775085
82.860764
82.958549
83.057816
83.156693
83.251572
83.359154
83.459091
83.554886
83.662109
83.747772
83.855576
83.949577
84.061241
84.163696
84.270874
84.386818
84.481873
84.588203
84.694099
84.802673
84.916473
85.022308
85.132751
85.24823
85.346756
85.463013
85.571762
85.676201
85.810928
85.919289
86.031494
86.152252
86.274368
86.37561
86.494904
86.624527
86.74543
86.863693
86.984367
87.114883
87.244095
87.353546
87.486343
87.606293
87.741096
87.877724
88.004654
88.140648
88.27697
88.4095
88.54541
88.677277
88.82872
88.968178
89.106445
89.251221
89.402672
89.554214
89.701714
89.86348
90.013794
90.163879
90.31015
90.48204
90.6427
90.812469
90.976395
91.14962
91.323524
91.499985
91.682022
91.862923
92.048233
92.246368
92.438461
