[ 30999.00014117  12700.00611496   7822.58812103]
0 pass:
2.697948456000000306e+01 2.667948456000000235e+01 2.637948456000000164e+01 2.607948456000000093e+01 2.577948456000000022e+01 2.547948455999999950e+01 2.517948455999999879e+01 2.487948455999999808e+01 2.457948455999999737e+01 2.427948455999999666e+01 2.397948455999999595e+01 2.367948455999999524e+01 2.337948455999999453e+01 2.307948455999999382e+01
3.800000000000000000e+01 5.100000000000000000e+01 7.100000000000000000e+01 6.000000000000000000e+01 7.600000000000000000e+01 1.400000000000000000e+02 2.030000000000000000e+02 2.110000000000000000e+02 1.550000000000000000e+02 1.000000000000000000e+02 6.000000000000000000e+01 0.000000000000000000e+00 0.000000000000000000e+00 0.000000000000000000e+00
1.598144000000000000e+06 5.252200000000000000e+04 2.008200000000000000e+04 2.484500000000000000e+04 1.878600000000000000e+04 7.829000000000000000e+03 2.945000000000000000e+03 2.175000000000000000e+03 6.461000000000000000e+03 1.231100000000000000e+04 2.513700000000000000e+04 0.000000000000000000e+00 0.000000000000000000e+00 0.000000000000000000e+00
Best: 24.99198456000052
[ 31089.01177002  12699.99772263   7822.43304596]
0 pass:
2.699121857000000091e+01 2.669121857000000020e+01 2.639121856999999949e+01 2.609121856999999878e+01 2.579121856999999807e+01 2.549121856999999736e+01 2.519121856999999665e+01 2.489121856999999594e+01 2.459121856999999522e+01 2.429121856999999451e+01 2.399121856999999380e+01 2.369121856999999309e+01 2.339121856999999238e+01 2.309121856999999167e+01
4.100000000000000000e+01 3.900000000000000000e+01 6.500000000000000000e+01 7.300000000000000000e+01 6.500000000000000000e+01 9.200000000000000000e+01 1.590000000000000000e+02 2.120000000000000000e+02 1.900000000000000000e+02 1.360000000000000000e+02 8.900000000000000000e+01 4.800000000000000000e+01 0.000000000000000000e+00 0.000000000000000000e+00
2.746940000000000000e+05 1.484808000000000000e+06 2.571000000000000000e+04 1.973200000000000000e+04 2.410900000000000000e+04 1.416200000000000000e+04 6.823000000000000000e+03 2.227000000000000000e+03 3.359000000000000000e+03 8.674000000000000000e+03 1.671400000000000000e+04 3.091560000000000000e+05 0.000000000000000000e+00 0.000000000000000000e+00
Best: 24.829218569999913
[ 31089.02024628  12790.00388882   7822.65664825]
0 pass:
2.682585907000000702e+01 2.652585907000000631e+01 2.622585907000000560e+01 2.592585907000000489e+01 2.562585907000000418e+01 2.532585907000000347e+01 2.502585907000000276e+01 2.472585907000000205e+01 2.442585907000000134e+01 2.412585907000000063e+01 2.382585906999999992e+01 2.352585906999999921e+01 2.322585906999999850e+01 2.292585906999999779e+01
3.600000000000000000e+01 7.400000000000000000e+01 6.400000000000000000e+01 7.400000000000000000e+01 1.240000000000000000e+02 1.870000000000000000e+02 2.260000000000000000e+02 1.710000000000000000e+02 1.130000000000000000e+02 7.100000000000000000e+01 0.000000000000000000e+00 0.000000000000000000e+00 0.000000000000000000e+00 0.000000000000000000e+00
1.492199000000000000e+06 2.034500000000000000e+04 2.479500000000000000e+04 1.909100000000000000e+04 9.968000000000000000e+03 4.411000000000000000e+03 1.695000000000000000e+03 4.769000000000000000e+03 1.091400000000000000e+04 1.957800000000000000e+04 0.000000000000000000e+00 0.000000000000000000e+00 0.000000000000000000e+00 0.000000000000000000e+00
Best: 25.051390984893537
[ 30999.01144794  12790.00034879   7822.82891998]
0 pass:
2.706441497999999513e+01 2.676441497999999442e+01 2.646441497999999370e+01 2.616441497999999299e+01 2.586441497999999228e+01 2.556441497999999157e+01 2.526441497999999086e+01 2.496441497999999015e+01 2.466441497999998944e+01 2.436441497999998873e+01 2.406441497999998802e+01 2.376441497999998731e+01 2.346441497999998660e+01 2.316441497999998589e+01
4.100000000000000000e+01 8.100000000000000000e+01 7.500000000000000000e+01 7.900000000000000000e+01 1.050000000000000000e+02 1.690000000000000000e+02 2.100000000000000000e+02 1.790000000000000000e+02 1.220000000000000000e+02 7.400000000000000000e+01 4.200000000000000000e+01 0.000000000000000000e+00 0.000000000000000000e+00 0.000000000000000000e+00
2.897350000000000000e+05 1.764800000000000000e+04 1.958500000000000000e+04 1.912400000000000000e+04 1.260900000000000000e+04 5.937000000000000000e+03 2.210000000000000000e+03 4.704000000000000000e+03 9.261000000000000000e+03 1.886100000000000000e+04 2.624530000000000000e+05 0.000000000000000000e+00 0.000000000000000000e+00 0.000000000000000000e+00
Best: 25.243581646666843
[ 30999.007       12699.99232864   7822.64004669]
0 pass:
2.725139618000000041e+01 2.695139617999999970e+01 2.665139617999999899e+01 2.635139617999999828e+01 2.605139617999999757e+01 2.575139617999999686e+01 2.545139617999999615e+01 2.515139617999999544e+01 2.485139617999999473e+01 2.455139617999999402e+01 2.425139617999999331e+01 2.395139617999999260e+01 2.365139617999999189e+01 2.335139617999999118e+01
4.600000000000000000e+01 4.200000000000000000e+01 6.600000000000000000e+01 7.800000000000000000e+01 6.500000000000000000e+01 8.600000000000000000e+01 1.530000000000000000e+02 2.110000000000000000e+02 2.030000000000000000e+02 1.470000000000000000e+02 9.200000000000000000e+01 5.200000000000000000e+01 0.000000000000000000e+00 0.000000000000000000e+00
2.782890000000000000e+05 2.741000000000000000e+05 2.587700000000000000e+04 1.952800000000000000e+04 2.359500000000000000e+04 1.598400000000000000e+04 6.803000000000000000e+03 2.187000000000000000e+03 2.633000000000000000e+03 7.399000000000000000e+03 1.403300000000000000e+04 5.061100000000000000e+04 0.000000000000000000e+00 0.000000000000000000e+00
Best: 25.037759816363646
[ 31089.00398804  12700.00152206   7822.40027008]
0 pass:
2.703285979999999711e+01 2.673285979999999640e+01 2.643285979999999569e+01 2.613285979999999498e+01 2.583285979999999427e+01 2.553285979999999356e+01 2.523285979999999284e+01 2.493285979999999213e+01 2.463285979999999142e+01 2.433285979999999071e+01 2.403285979999999000e+01 2.373285979999998929e+01 2.343285979999998858e+01 2.313285979999998787e+01
4.700000000000000000e+01 4.000000000000000000e+01 5.600000000000000000e+01 7.200000000000000000e+01 6.000000000000000000e+01 9.100000000000000000e+01 1.540000000000000000e+02 2.020000000000000000e+02 1.980000000000000000e+02 1.420000000000000000e+02 8.800000000000000000e+01 5.000000000000000000e+01 0.000000000000000000e+00 0.000000000000000000e+00
3.044050000000000000e+05 2.994660000000000000e+05 5.004900000000000000e+04 1.991300000000000000e+04 2.398800000000000000e+04 1.431000000000000000e+04 6.880000000000000000e+03 2.897000000000000000e+03 3.420000000000000000e+03 7.606000000000000000e+03 1.669900000000000000e+04 4.947100000000000000e+04 0.000000000000000000e+00 0.000000000000000000e+00
Best: 24.805936723076968
[ 31089.00914551  12790.01003049   7822.65994415]
0 pass:
2.681331634999999380e+01 2.651331634999999309e+01 2.621331634999999238e+01 2.591331634999999167e+01 2.561331634999999096e+01 2.531331634999999025e+01 2.501331634999998954e+01 2.471331634999998883e+01 2.441331634999998812e+01 2.411331634999998741e+01 2.381331634999998670e+01 2.351331634999998599e+01 2.321331634999998528e+01 2.291331634999998457e+01
4.000000000000000000e+01 7.600000000000000000e+01 6.800000000000000000e+01 7.700000000000000000e+01 1.260000000000000000e+02 1.880000000000000000e+02 2.160000000000000000e+02 1.660000000000000000e+02 1.110000000000000000e+02 6.700000000000000000e+01 0.000000000000000000e+00 0.000000000000000000e+00 0.000000000000000000e+00 0.000000000000000000e+00
2.824890000000000000e+05 2.010000000000000000e+04 2.391000000000000000e+04 1.904100000000000000e+04 9.952000000000000000e+03 4.395000000000000000e+03 2.182000000000000000e+03 5.656000000000000000e+03 1.099800000000000000e+04 2.550600000000000000e+04 0.000000000000000000e+00 0.000000000000000000e+00 0.000000000000000000e+00 0.000000000000000000e+00
Best: 25.055624042308303
[ 30999.00008777  12790.00047086   7822.83088837]
0 pass:
2.706253814999999463e+01 2.676253814999999392e+01 2.646253814999999321e+01 2.616253814999999250e+01 2.586253814999999179e+01 2.556253814999999108e+01 2.526253814999999037e+01 2.496253814999998966e+01 2.466253814999998895e+01 2.436253814999998824e+01 2.406253814999998752e+01 2.376253814999998681e+01 2.346253814999998610e+01 2.316253814999998539e+01
4.300000000000000000e+01 8.600000000000000000e+01 7.800000000000000000e+01 7.600000000000000000e+01 1.010000000000000000e+02 1.710000000000000000e+02 2.110000000000000000e+02 1.800000000000000000e+02 1.280000000000000000e+02 7.300000000000000000e+01 4.000000000000000000e+01 0.000000000000000000e+00 0.000000000000000000e+00 0.000000000000000000e+00
3.220800000000000000e+05 1.756600000000000000e+04 1.943100000000000000e+04 1.908600000000000000e+04 1.244100000000000000e+04 5.186000000000000000e+03 2.193000000000000000e+03 3.969000000000000000e+03 9.400000000000000000e+03 1.915000000000000000e+04 3.074850000000000000e+05 0.000000000000000000e+00 0.000000000000000000e+00 0.000000000000000000e+00
Best: 25.243524065492622
[ 30999.01101306  12700.00368881   7822.65724335]
0 pass:
2.724034881999999413e+01 2.694034881999999342e+01 2.664034881999999271e+01 2.634034881999999200e+01 2.604034881999999129e+01 2.574034881999999058e+01 2.544034881999998987e+01 2.514034881999998916e+01 2.484034881999998845e+01 2.454034881999998774e+01 2.424034881999998703e+01 2.394034881999998632e+01 2.364034881999998561e+01 2.334034881999998490e+01
4.400000000000000000e+01 4.000000000000000000e+01 5.700000000000000000e+01 7.100000000000000000e+01 6.600000000000000000e+01 9.000000000000000000e+01 1.640000000000000000e+02 2.120000000000000000e+02 1.970000000000000000e+02 1.420000000000000000e+02 8.900000000000000000e+01 5.000000000000000000e+01 0.000000000000000000e+00 0.000000000000000000e+00
2.952660000000000000e+05 3.204050000000000000e+05 5.532500000000000000e+04 1.994600000000000000e+04 2.437000000000000000e+04 1.413600000000000000e+04 5.951000000000000000e+03 2.310000000000000000e+03 3.345000000000000000e+03 7.432000000000000000e+03 1.649100000000000000e+04 5.223900000000000000e+04 0.000000000000000000e+00 0.000000000000000000e+00
Best: 25.06177739142847
