[ 30998.99037714  12700.00465775   7821.63912506]
0 pass:
2.739038849000000653e+01 2.639038849000000653e+01 2.539038849000000653e+01 2.439038849000000653e+01 2.339038849000000653e+01
4.100000000000000000e+01 6.800000000000000000e+01 1.990000000000000000e+02 5.300000000000000000e+01 0.000000000000000000e+00
2.594210000000000000e+05 2.369600000000000000e+04 3.253000000000000000e+03 4.589700000000000000e+04 0.000000000000000000e+00
1 pass:
2.639038849000000653e+01 2.629038849000000511e+01 2.619038849000000369e+01 2.609038849000000226e+01 2.599038849000000084e+01 2.589038848999999942e+01 2.579038848999999800e+01 2.569038848999999658e+01 2.559038848999999516e+01 2.549038848999999374e+01 2.539038848999999232e+01 2.529038848999999090e+01 2.519038848999998947e+01 2.509038848999998805e+01 2.499038848999998663e+01 2.489038848999998521e+01 2.479038848999998379e+01 2.469038848999998237e+01 2.459038848999998095e+01 2.449038848999997953e+01
6.900000000000000000e+01 7.300000000000000000e+01 7.900000000000000000e+01 8.800000000000000000e+01 1.110000000000000000e+02 1.360000000000000000e+02 1.550000000000000000e+02 1.760000000000000000e+02 1.990000000000000000e+02 1.980000000000000000e+02 1.990000000000000000e+02 1.930000000000000000e+02 1.760000000000000000e+02 1.570000000000000000e+02 1.370000000000000000e+02 1.250000000000000000e+02 1.100000000000000000e+02 9.300000000000000000e+01 7.700000000000000000e+01 6.800000000000000000e+01
2.306700000000000000e+04 1.877100000000000000e+04 1.889100000000000000e+04 1.591800000000000000e+04 1.097700000000000000e+04 8.645000000000000000e+03 6.758000000000000000e+03 4.963000000000000000e+03 3.462000000000000000e+03 3.291000000000000000e+03 3.249000000000000000e+03 3.173000000000000000e+03 4.527000000000000000e+03 6.077000000000000000e+03 8.087000000000000000e+03 9.187000000000000000e+03 1.039400000000000000e+04 1.356300000000000000e+04 1.836100000000000000e+04 2.389500000000000000e+04
Best: 25.446570308182164
[ 30998.96547479  12700.00044632   7821.61529083]
0 pass:
2.745204925999999546e+01 2.645204925999999546e+01 2.545204925999999546e+01 2.445204925999999546e+01 2.345204925999999546e+01
4.300000000000000000e+01 6.800000000000000000e+01 2.040000000000000000e+02 5.900000000000000000e+01 0.000000000000000000e+00
2.666360000000000000e+05 2.398100000000000000e+04 2.648000000000000000e+03 4.900900000000000000e+04 0.000000000000000000e+00
1 pass:
2.645204925999999546e+01 2.635204925999999404e+01 2.625204925999999261e+01 2.615204925999999119e+01 2.605204925999998977e+01 2.595204925999998835e+01 2.585204925999998693e+01 2.575204925999998551e+01 2.565204925999998409e+01 2.555204925999998267e+01 2.545204925999998125e+01 2.535204925999997982e+01 2.525204925999997840e+01 2.515204925999997698e+01 2.505204925999997556e+01 2.495204925999997414e+01 2.485204925999997272e+01 2.475204925999997130e+01 2.465204925999996988e+01 2.455204925999996846e+01
6.600000000000000000e+01 7.100000000000000000e+01 7.700000000000000000e+01 8.600000000000000000e+01 1.040000000000000000e+02 1.260000000000000000e+02 1.470000000000000000e+02 1.620000000000000000e+02 1.830000000000000000e+02 1.930000000000000000e+02 2.000000000000000000e+02 1.950000000000000000e+02 1.860000000000000000e+02 1.680000000000000000e+02 1.490000000000000000e+02 1.270000000000000000e+02 1.170000000000000000e+02 1.050000000000000000e+02 8.600000000000000000e+01 7.500000000000000000e+01
2.367900000000000000e+04 1.890100000000000000e+04 1.870700000000000000e+04 1.591100000000000000e+04 1.238900000000000000e+04 9.734000000000000000e+03 7.614000000000000000e+03 5.862000000000000000e+03 4.146000000000000000e+03 3.385000000000000000e+03 2.606000000000000000e+03 3.174000000000000000e+03 3.824000000000000000e+03 5.371000000000000000e+03 7.090000000000000000e+03 9.231000000000000000e+03 1.034300000000000000e+04 1.182400000000000000e+04 1.564400000000000000e+04 1.849100000000000000e+04
Best: 25.439628877834288
[ 30998.99188013  12699.99773026   7821.66318817]
0 pass:
2.744385529000000190e+01 2.644385529000000190e+01 2.544385529000000190e+01 2.444385529000000190e+01 2.344385529000000190e+01
3.900000000000000000e+01 6.500000000000000000e+01 1.970000000000000000e+02 5.900000000000000000e+01 0.000000000000000000e+00
1.437007000000000000e+06 2.357100000000000000e+04 3.237000000000000000e+03 4.981700000000000000e+04 0.000000000000000000e+00
1 pass:
2.644385529000000190e+01 2.634385529000000048e+01 2.624385528999999906e+01 2.614385528999999764e+01 2.604385528999999622e+01 2.594385528999999480e+01 2.584385528999999337e+01 2.574385528999999195e+01 2.564385528999999053e+01 2.554385528999998911e+01 2.544385528999998769e+01 2.534385528999998627e+01 2.524385528999998485e+01 2.514385528999998343e+01 2.504385528999998201e+01 2.494385528999998058e+01 2.484385528999997916e+01 2.474385528999997774e+01 2.464385528999997632e+01 2.454385528999997490e+01
7.100000000000000000e+01 7.400000000000000000e+01 7.900000000000000000e+01 7.800000000000000000e+01 1.040000000000000000e+02 1.280000000000000000e+02 1.480000000000000000e+02 1.660000000000000000e+02 1.880000000000000000e+02 1.950000000000000000e+02 1.950000000000000000e+02 1.920000000000000000e+02 1.810000000000000000e+02 1.620000000000000000e+02 1.460000000000000000e+02 1.310000000000000000e+02 1.120000000000000000e+02 1.010000000000000000e+02 8.200000000000000000e+01 7.100000000000000000e+01
1.921400000000000000e+04 1.881400000000000000e+04 1.886400000000000000e+04 1.878400000000000000e+04 1.245600000000000000e+04 9.796000000000000000e+03 7.657000000000000000e+03 5.907000000000000000e+03 4.220000000000000000e+03 3.375000000000000000e+03 3.306000000000000000e+03 3.211000000000000000e+03 3.882000000000000000e+03 5.367000000000000000e+03 7.102000000000000000e+03 8.143000000000000000e+03 1.045200000000000000e+04 1.184100000000000000e+04 1.571900000000000000e+04 1.858700000000000000e+04
Best: 25.458307117242228
[ 30953.99690122  12655.           7821.43497772]
0 pass:
2.747513580000000388e+01 2.647513580000000388e+01 2.547513580000000388e+01 2.447513580000000388e+01 2.347513580000000388e+01
4.400000000000000000e+01 7.200000000000000000e+01 1.860000000000000000e+02 9.400000000000000000e+01 2.900000000000000000e+01
2.626500000000000000e+05 1.954800000000000000e+04 4.298000000000000000e+03 1.408600000000000000e+04 3.744737000000000000e+06
1 pass:
2.647513580000000388e+01 2.637513580000000246e+01 2.627513580000000104e+01 2.617513579999999962e+01 2.607513579999999820e+01 2.597513579999999678e+01 2.587513579999999536e+01 2.577513579999999394e+01 2.567513579999999251e+01 2.557513579999999109e+01 2.547513579999998967e+01 2.537513579999998825e+01 2.527513579999998683e+01 2.517513579999998541e+01 2.507513579999998399e+01 2.497513579999998257e+01 2.487513579999998115e+01 2.477513579999997972e+01 2.467513579999997830e+01 2.457513579999997688e+01
7.100000000000000000e+01 6.500000000000000000e+01 6.200000000000000000e+01 6.800000000000000000e+01 7.300000000000000000e+01 8.200000000000000000e+01 9.600000000000000000e+01 1.230000000000000000e+02 1.470000000000000000e+02 1.660000000000000000e+02 1.900000000000000000e+02 2.030000000000000000e+02 2.070000000000000000e+02 2.060000000000000000e+02 1.940000000000000000e+02 1.840000000000000000e+02 1.630000000000000000e+02 1.390000000000000000e+02 1.260000000000000000e+02 1.080000000000000000e+02
1.958800000000000000e+04 2.492400000000000000e+04 2.438500000000000000e+04 2.417400000000000000e+04 1.898500000000000000e+04 1.634700000000000000e+04 1.416400000000000000e+04 9.783000000000000000e+03 7.686000000000000000e+03 5.880000000000000000e+03 3.544000000000000000e+03 2.779000000000000000e+03 2.702000000000000000e+03 2.680000000000000000e+03 3.248000000000000000e+03 4.004000000000000000e+03 5.527000000000000000e+03 8.369000000000000000e+03 9.487000000000000000e+03 1.230200000000000000e+04
Best: 25.243168586885147
[ 30954.00264139  12654.99745178   7821.4589035 ]
0 pass:
2.724855804000000603e+01 2.624855804000000603e+01 2.524855804000000603e+01 2.424855804000000603e+01 2.324855804000000603e+01
3.800000000000000000e+01 6.100000000000000000e+01 2.140000000000000000e+02 6.300000000000000000e+01 0.000000000000000000e+00
1.629418000000000000e+06 2.473800000000000000e+04 2.173000000000000000e+03 2.535100000000000000e+04 0.000000000000000000e+00
1 pass:
2.624855804000000603e+01 2.614855804000000461e+01 2.604855804000000319e+01 2.594855804000000177e+01 2.584855804000000035e+01 2.574855803999999893e+01 2.564855803999999750e+01 2.554855803999999608e+01 2.544855803999999466e+01 2.534855803999999324e+01 2.524855803999999182e+01 2.514855803999999040e+01 2.504855803999998898e+01 2.494855803999998756e+01 2.484855803999998614e+01 2.474855803999998471e+01 2.464855803999998329e+01 2.454855803999998187e+01 2.444855803999998045e+01 2.434855803999997903e+01
6.200000000000000000e+01 6.800000000000000000e+01 7.200000000000000000e+01 8.700000000000000000e+01 1.070000000000000000e+02 1.300000000000000000e+02 1.590000000000000000e+02 1.780000000000000000e+02 1.970000000000000000e+02 2.100000000000000000e+02 2.120000000000000000e+02 2.090000000000000000e+02 1.980000000000000000e+02 1.720000000000000000e+02 1.580000000000000000e+02 1.350000000000000000e+02 1.180000000000000000e+02 1.010000000000000000e+02 9.100000000000000000e+01 7.400000000000000000e+01
2.462100000000000000e+04 2.444200000000000000e+04 1.925000000000000000e+04 1.625600000000000000e+04 1.251700000000000000e+04 8.742000000000000000e+03 6.799000000000000000e+03 5.136000000000000000e+03 3.637000000000000000e+03 2.339000000000000000e+03 2.175000000000000000e+03 2.682000000000000000e+03 3.368000000000000000e+03 4.792000000000000000e+03 6.527000000000000000e+03 8.483000000000000000e+03 1.081900000000000000e+04 1.244200000000000000e+04 1.412600000000000000e+04 1.938300000000000000e+04
Best: 25.255741138591336
[ 30953.99076385  12654.99504089   7821.47539825]
0 pass:
2.726020049999999628e+01 2.626020049999999628e+01 2.526020049999999628e+01 2.426020049999999628e+01 2.326020049999999628e+01
3.800000000000000000e+01 6.300000000000000000e+01 2.090000000000000000e+02 6.100000000000000000e+01 0.000000000000000000e+00
1.680471000000000000e+06 2.425600000000000000e+04 2.762000000000000000e+03 2.469900000000000000e+04 0.000000000000000000e+00
1 pass:
2.626020049999999628e+01 2.616020049999999486e+01 2.606020049999999344e+01 2.596020049999999202e+01 2.586020049999999060e+01 2.576020049999998918e+01 2.566020049999998776e+01 2.556020049999998633e+01 2.546020049999998491e+01 2.536020049999998349e+01 2.526020049999998207e+01 2.516020049999998065e+01 2.506020049999997923e+01 2.496020049999997781e+01 2.486020049999997639e+01 2.476020049999997497e+01 2.466020049999997354e+01 2.456020049999997212e+01 2.446020049999997070e+01 2.436020049999996928e+01
6.000000000000000000e+01 6.800000000000000000e+01 7.100000000000000000e+01 8.400000000000000000e+01 1.060000000000000000e+02 1.310000000000000000e+02 1.560000000000000000e+02 1.760000000000000000e+02 1.930000000000000000e+02 2.070000000000000000e+02 2.180000000000000000e+02 2.090000000000000000e+02 1.920000000000000000e+02 1.730000000000000000e+02 1.510000000000000000e+02 1.320000000000000000e+02 1.160000000000000000e+02 1.000000000000000000e+02 8.900000000000000000e+01 7.500000000000000000e+01
2.424600000000000000e+04 2.422000000000000000e+04 1.912900000000000000e+04 1.609400000000000000e+04 1.250100000000000000e+04 8.750000000000000000e+03 6.849000000000000000e+03 5.056000000000000000e+03 3.555000000000000000e+03 2.797000000000000000e+03 2.175000000000000000e+03 2.691000000000000000e+03 3.297000000000000000e+03 4.722000000000000000e+03 6.447000000000000000e+03 8.403000000000000000e+03 1.074300000000000000e+04 1.227900000000000000e+04 1.610100000000000000e+04 1.912200000000000000e+04
Best: 25.26775775190826
[ 31043.99320764  12745.00836182   7822.1489975 ]
0 pass:
2.727304839999999331e+01 2.627304839999999331e+01 2.527304839999999331e+01 2.427304839999999331e+01 2.327304839999999331e+01
7.400000000000000000e+01 1.560000000000000000e+02 1.050000000000000000e+02 2.900000000000000000e+01 0.000000000000000000e+00
1.985200000000000000e+04 6.819000000000000000e+03 1.230600000000000000e+04 3.637228000000000000e+06 0.000000000000000000e+00
1 pass:
2.727304839999999331e+01 2.717304839999999189e+01 2.707304839999999047e+01 2.697304839999998904e+01 2.687304839999998762e+01 2.677304839999998620e+01 2.667304839999998478e+01 2.657304839999998336e+01 2.647304839999998194e+01 2.637304839999998052e+01 2.627304839999997910e+01 2.617304839999997768e+01 2.607304839999997625e+01 2.597304839999997483e+01 2.587304839999997341e+01 2.577304839999997199e+01 2.567304839999997057e+01 2.557304839999996915e+01 2.547304839999996773e+01 2.537304839999996631e+01
7.700000000000000000e+01 7.200000000000000000e+01 6.400000000000000000e+01 6.100000000000000000e+01 6.500000000000000000e+01 7.000000000000000000e+01 7.900000000000000000e+01 9.200000000000000000e+01 1.140000000000000000e+02 1.400000000000000000e+02 1.590000000000000000e+02 1.730000000000000000e+02 1.860000000000000000e+02 1.960000000000000000e+02 1.910000000000000000e+02 1.820000000000000000e+02 1.680000000000000000e+02 1.490000000000000000e+02 1.350000000000000000e+02 1.160000000000000000e+02
1.971700000000000000e+04 1.954300000000000000e+04 2.429900000000000000e+04 2.455700000000000000e+04 2.394800000000000000e+04 1.892800000000000000e+04 1.862300000000000000e+04 1.397700000000000000e+04 1.093600000000000000e+04 7.745000000000000000e+03 6.779000000000000000e+03 5.002000000000000000e+03 4.189000000000000000e+03 3.401000000000000000e+03 3.270000000000000000e+03 3.977000000000000000e+03 5.581000000000000000e+03 7.277000000000000000e+03 8.310000000000000000e+03 1.078800000000000000e+04
Best: 25.946262685714423
[ 31043.99152917  12744.99455643   7822.15584869]
0 pass:
2.794293976000000157e+01 2.694293976000000157e+01 2.594293976000000157e+01 2.494293976000000157e+01 2.394293976000000157e+01
3.700000000000000000e+01 6.000000000000000000e+01 1.970000000000000000e+02 5.500000000000000000e+01 0.000000000000000000e+00
1.527867000000000000e+06 2.385300000000000000e+04 3.325000000000000000e+03 5.187100000000000000e+04 0.000000000000000000e+00
1 pass:
2.694293976000000157e+01 2.684293976000000015e+01 2.674293975999999873e+01 2.664293975999999731e+01 2.654293975999999589e+01 2.644293975999999446e+01 2.634293975999999304e+01 2.624293975999999162e+01 2.614293975999999020e+01 2.604293975999998878e+01 2.594293975999998736e+01 2.584293975999998594e+01 2.574293975999998452e+01 2.564293975999998310e+01 2.554293975999998167e+01 2.544293975999998025e+01 2.534293975999997883e+01 2.524293975999997741e+01 2.514293975999997599e+01 2.504293975999997457e+01
6.200000000000000000e+01 6.800000000000000000e+01 7.300000000000000000e+01 9.000000000000000000e+01 1.040000000000000000e+02 1.240000000000000000e+02 1.450000000000000000e+02 1.640000000000000000e+02 1.820000000000000000e+02 1.960000000000000000e+02 1.980000000000000000e+02 1.860000000000000000e+02 1.770000000000000000e+02 1.610000000000000000e+02 1.430000000000000000e+02 1.250000000000000000e+02 1.120000000000000000e+02 9.600000000000000000e+01 8.100000000000000000e+01 6.900000000000000000e+01
2.404700000000000000e+04 2.445600000000000000e+04 1.869300000000000000e+04 1.394400000000000000e+04 1.240200000000000000e+04 9.721000000000000000e+03 7.690000000000000000e+03 5.876000000000000000e+03 4.177000000000000000e+03 3.370000000000000000e+03 3.261000000000000000e+03 3.878000000000000000e+03 4.602000000000000000e+03 5.465000000000000000e+03 7.257000000000000000e+03 9.487000000000000000e+03 1.077600000000000000e+04 1.384600000000000000e+04 1.599500000000000000e+04 2.510800000000000000e+04
Best: 25.95683752357798
[ 31043.99307794  12744.99624252   7822.17196198]
0 pass:
2.795404815999999926e+01 2.695404815999999926e+01 2.595404815999999926e+01 2.495404815999999926e+01 2.395404815999999926e+01
3.700000000000000000e+01 6.100000000000000000e+01 1.950000000000000000e+02 5.300000000000000000e+01 0.000000000000000000e+00
1.425864000000000000e+06 2.423300000000000000e+04 3.305000000000000000e+03 4.864000000000000000e+04 0.000000000000000000e+00
1 pass:
2.695404815999999926e+01 2.685404815999999784e+01 2.675404815999999641e+01 2.665404815999999499e+01 2.655404815999999357e+01 2.645404815999999215e+01 2.635404815999999073e+01 2.625404815999998931e+01 2.615404815999998789e+01 2.605404815999998647e+01 2.595404815999998505e+01 2.585404815999998362e+01 2.575404815999998220e+01 2.565404815999998078e+01 2.555404815999997936e+01 2.545404815999997794e+01 2.535404815999997652e+01 2.525404815999997510e+01 2.515404815999997368e+01 2.505404815999997226e+01
6.200000000000000000e+01 6.600000000000000000e+01 7.000000000000000000e+01 8.900000000000000000e+01 1.030000000000000000e+02 1.250000000000000000e+02 1.430000000000000000e+02 1.680000000000000000e+02 1.820000000000000000e+02 1.870000000000000000e+02 1.910000000000000000e+02 1.930000000000000000e+02 1.780000000000000000e+02 1.620000000000000000e+02 1.430000000000000000e+02 1.260000000000000000e+02 1.140000000000000000e+02 9.500000000000000000e+01 8.400000000000000000e+01 6.700000000000000000e+01
2.344800000000000000e+04 2.354000000000000000e+04 1.859700000000000000e+04 1.583200000000000000e+04 1.222100000000000000e+04 9.721000000000000000e+03 7.611000000000000000e+03 5.760000000000000000e+03 4.159000000000000000e+03 4.067000000000000000e+03 3.261000000000000000e+03 3.265000000000000000e+03 4.664000000000000000e+03 5.462000000000000000e+03 7.301000000000000000e+03 9.461000000000000000e+03 1.064300000000000000e+04 1.397200000000000000e+04 1.606200000000000000e+04 2.418200000000000000e+04
Best: 25.965859183621745
[ 30953.99950189  12654.99224854   7821.58114166]
0 pass:
2.797092437999999959e+01 2.697092437999999959e+01 2.597092437999999959e+01 2.497092437999999959e+01 2.397092437999999959e+01
4.100000000000000000e+01 6.300000000000000000e+01 1.100000000000000000e+02 1.550000000000000000e+02 3.500000000000000000e+01
3.251670000000000000e+05 2.635400000000000000e+04 1.122400000000000000e+04 6.554000000000000000e+03 1.590947000000000000e+06
1 pass:
2.597092437999999959e+01 2.587092437999999817e+01 2.577092437999999675e+01 2.567092437999999532e+01 2.557092437999999390e+01 2.547092437999999248e+01 2.537092437999999106e+01 2.527092437999998964e+01 2.517092437999998822e+01 2.507092437999998680e+01 2.497092437999998538e+01 2.487092437999998396e+01 2.477092437999998253e+01 2.467092437999998111e+01 2.457092437999997969e+01 2.447092437999997827e+01 2.437092437999997685e+01 2.427092437999997543e+01 2.417092437999997401e+01 2.407092437999997259e+01
1.060000000000000000e+02 1.310000000000000000e+02 1.540000000000000000e+02 1.810000000000000000e+02 1.950000000000000000e+02 2.050000000000000000e+02 2.110000000000000000e+02 2.060000000000000000e+02 1.890000000000000000e+02 1.750000000000000000e+02 1.520000000000000000e+02 1.390000000000000000e+02 1.160000000000000000e+02 1.020000000000000000e+02 8.800000000000000000e+01 7.300000000000000000e+01 6.300000000000000000e+01 0.000000000000000000e+00 0.000000000000000000e+00 0.000000000000000000e+00
1.257200000000000000e+04 8.766000000000000000e+03 6.811000000000000000e+03 4.289000000000000000e+03 3.551000000000000000e+03 2.782000000000000000e+03 2.155000000000000000e+03 2.624000000000000000e+03 3.962000000000000000e+03 4.676000000000000000e+03 6.442000000000000000e+03 8.325000000000000000e+03 1.080200000000000000e+04 1.228800000000000000e+04 1.611900000000000000e+04 1.932700000000000000e+04 2.516600000000000000e+04 0.000000000000000000e+00 0.000000000000000000e+00 0.000000000000000000e+00
Best: 25.38557084464631
[ 30953.9988019   12654.99864197   7821.5857193 ]
0 pass:
2.738805388999999479e+01 2.638805388999999479e+01 2.538805388999999479e+01 2.438805388999999479e+01 2.338805388999999479e+01
3.800000000000000000e+01 6.200000000000000000e+01 2.160000000000000000e+02 6.600000000000000000e+01 0.000000000000000000e+00
1.419587000000000000e+06 2.434000000000000000e+04 2.156000000000000000e+03 2.453600000000000000e+04 0.000000000000000000e+00
1 pass:
2.638805388999999479e+01 2.628805388999999337e+01 2.618805388999999195e+01 2.608805388999999053e+01 2.598805388999998911e+01 2.588805388999998769e+01 2.578805388999998627e+01 2.568805388999998485e+01 2.558805388999998343e+01 2.548805388999998200e+01 2.538805388999998058e+01 2.528805388999997916e+01 2.518805388999997774e+01 2.508805388999997632e+01 2.498805388999997490e+01 2.488805388999997348e+01 2.478805388999997206e+01 2.468805388999997064e+01 2.458805388999996921e+01 2.448805388999996779e+01
6.000000000000000000e+01 6.900000000000000000e+01 7.200000000000000000e+01 8.700000000000000000e+01 1.060000000000000000e+02 1.240000000000000000e+02 1.520000000000000000e+02 1.760000000000000000e+02 1.930000000000000000e+02 2.080000000000000000e+02 2.140000000000000000e+02 2.040000000000000000e+02 1.970000000000000000e+02 1.780000000000000000e+02 1.610000000000000000e+02 1.400000000000000000e+02 1.190000000000000000e+02 1.070000000000000000e+02 9.300000000000000000e+01 7.600000000000000000e+01
2.398600000000000000e+04 2.365500000000000000e+04 1.920200000000000000e+04 1.639600000000000000e+04 1.250700000000000000e+04 9.770000000000000000e+03 6.893000000000000000e+03 5.071000000000000000e+03 3.585000000000000000e+03 2.800000000000000000e+03 2.168000000000000000e+03 2.612000000000000000e+03 3.309000000000000000e+03 4.772000000000000000e+03 5.607000000000000000e+03 7.349000000000000000e+03 1.082500000000000000e+04 1.223700000000000000e+04 1.399600000000000000e+04 1.923600000000000000e+04
Best: 25.383395504906613
[ 30953.99404688  12654.99429321   7821.5761673 ]
0 pass:
2.737757111000000521e+01 2.637757111000000521e+01 2.537757111000000521e+01 2.437757111000000521e+01 2.337757111000000521e+01
3.700000000000000000e+01 6.200000000000000000e+01 2.120000000000000000e+02 6.000000000000000000e+01 0.000000000000000000e+00
1.642651000000000000e+06 2.437000000000000000e+04 2.155000000000000000e+03 2.487200000000000000e+04 0.000000000000000000e+00
1 pass:
2.637757111000000521e+01 2.627757111000000378e+01 2.617757111000000236e+01 2.607757111000000094e+01 2.597757110999999952e+01 2.587757110999999810e+01 2.577757110999999668e+01 2.567757110999999526e+01 2.557757110999999384e+01 2.547757110999999242e+01 2.537757110999999099e+01 2.527757110999998957e+01 2.517757110999998815e+01 2.507757110999998673e+01 2.497757110999998531e+01 2.487757110999998389e+01 2.477757110999998247e+01 2.467757110999998105e+01 2.457757110999997963e+01 2.447757110999997820e+01
6.000000000000000000e+01 6.700000000000000000e+01 7.100000000000000000e+01 8.800000000000000000e+01 1.090000000000000000e+02 1.310000000000000000e+02 1.570000000000000000e+02 1.750000000000000000e+02 1.930000000000000000e+02 2.070000000000000000e+02 2.130000000000000000e+02 2.080000000000000000e+02 1.950000000000000000e+02 1.750000000000000000e+02 1.540000000000000000e+02 1.350000000000000000e+02 1.170000000000000000e+02 1.050000000000000000e+02 9.100000000000000000e+01 7.200000000000000000e+01
2.467700000000000000e+04 2.430600000000000000e+04 1.916400000000000000e+04 1.613500000000000000e+04 1.232300000000000000e+04 8.776000000000000000e+03 6.771000000000000000e+03 5.050000000000000000e+03 3.617000000000000000e+03 2.779000000000000000e+03 2.173000000000000000e+03 2.668000000000000000e+03 3.250000000000000000e+03 4.682000000000000000e+03 6.403000000000000000e+03 8.419000000000000000e+03 1.080900000000000000e+04 1.233000000000000000e+04 1.408300000000000000e+04 1.929900000000000000e+04
Best: 25.375409726714913
[ 31043.99073572  12744.99082947   7822.25139923]
0 pass:
2.736350249999999562e+01 2.636350249999999562e+01 2.536350249999999562e+01 2.436350249999999562e+01 2.336350249999999562e+01
7.400000000000000000e+01 1.620000000000000000e+02 9.600000000000000000e+01 2.900000000000000000e+01 0.000000000000000000e+00
1.980700000000000000e+04 5.920000000000000000e+03 1.412400000000000000e+04 3.896799000000000000e+06 0.000000000000000000e+00
1 pass:
2.736350249999999562e+01 2.726350249999999420e+01 2.716350249999999278e+01 2.706350249999999136e+01 2.696350249999998994e+01 2.686350249999998852e+01 2.676350249999998709e+01 2.666350249999998567e+01 2.656350249999998425e+01 2.646350249999998283e+01 2.636350249999998141e+01 2.626350249999997999e+01 2.616350249999997857e+01 2.606350249999997715e+01 2.596350249999997573e+01 2.586350249999997430e+01 2.576350249999997288e+01 2.566350249999997146e+01 2.556350249999997004e+01 2.546350249999996862e+01
7.900000000000000000e+01 7.100000000000000000e+01 6.100000000000000000e+01 6.100000000000000000e+01 6.700000000000000000e+01 7.200000000000000000e+01 8.300000000000000000e+01 1.040000000000000000e+02 1.210000000000000000e+02 1.390000000000000000e+02 1.580000000000000000e+02 1.740000000000000000e+02 1.900000000000000000e+02 1.940000000000000000e+02 1.960000000000000000e+02 1.780000000000000000e+02 1.640000000000000000e+02 1.440000000000000000e+02 1.270000000000000000e+02 1.120000000000000000e+02
1.965000000000000000e+04 1.948400000000000000e+04 2.428600000000000000e+04 2.407300000000000000e+04 2.418500000000000000e+04 1.899900000000000000e+04 1.603600000000000000e+04 1.238800000000000000e+04 9.811000000000000000e+03 8.748000000000000000e+03 6.824000000000000000e+03 5.037000000000000000e+03 3.456000000000000000e+03 3.363000000000000000e+03 3.238000000000000000e+03 4.638000000000000000e+03 5.483000000000000000e+03 7.279000000000000000e+03 9.427000000000000000e+03 1.065400000000000000e+04
Best: 26.048687685185573
[ 31043.98924799  12744.99918747   7822.24892731]
0 pass:
2.805272675000000504e+01 2.705272675000000504e+01 2.605272675000000504e+01 2.505272675000000504e+01 2.405272675000000504e+01
3.500000000000000000e+01 6.200000000000000000e+01 1.990000000000000000e+02 5.600000000000000000e+01 0.000000000000000000e+00
1.586077000000000000e+06 2.392000000000000000e+04 3.252000000000000000e+03 4.721000000000000000e+04 0.000000000000000000e+00
1 pass:
2.705272675000000504e+01 2.695272675000000362e+01 2.685272675000000220e+01 2.675272675000000078e+01 2.665272674999999936e+01 2.655272674999999793e+01 2.645272674999999651e+01 2.635272674999999509e+01 2.625272674999999367e+01 2.615272674999999225e+01 2.605272674999999083e+01 2.595272674999998941e+01 2.585272674999998799e+01 2.575272674999998657e+01 2.565272674999998515e+01 2.555272674999998372e+01 2.545272674999998230e+01 2.535272674999998088e+01 2.525272674999997946e+01 2.515272674999997804e+01
6.000000000000000000e+01 6.800000000000000000e+01 7.200000000000000000e+01 8.500000000000000000e+01 1.040000000000000000e+02 1.230000000000000000e+02 1.460000000000000000e+02 1.630000000000000000e+02 1.770000000000000000e+02 1.890000000000000000e+02 1.980000000000000000e+02 1.860000000000000000e+02 1.780000000000000000e+02 1.640000000000000000e+02 1.440000000000000000e+02 1.250000000000000000e+02 1.090000000000000000e+02 9.700000000000000000e+01 8.000000000000000000e+01 7.000000000000000000e+01
2.437700000000000000e+04 2.384400000000000000e+04 1.882900000000000000e+04 1.584800000000000000e+04 1.234900000000000000e+04 9.739000000000000000e+03 7.692000000000000000e+03 5.830000000000000000e+03 4.910000000000000000e+03 4.060000000000000000e+03 3.268000000000000000e+03 4.005000000000000000e+03 4.652000000000000000e+03 5.517000000000000000e+03 7.300000000000000000e+03 9.412000000000000000e+03 1.224400000000000000e+04 1.401300000000000000e+04 1.616400000000000000e+04 1.915900000000000000e+04
Best: 26.051662920212678
[ 31043.99263544  12745.0067215    7822.27410431]
0 pass:
2.805188751000000025e+01 2.705188751000000025e+01 2.605188751000000025e+01 2.505188751000000025e+01 2.405188751000000025e+01
3.700000000000000000e+01 6.400000000000000000e+01 1.950000000000000000e+02 5.400000000000000000e+01 0.000000000000000000e+00
1.722110000000000000e+06 2.458700000000000000e+04 3.346000000000000000e+03 5.391100000000000000e+04 0.000000000000000000e+00
1 pass:
2.705188751000000025e+01 2.695188750999999883e+01 2.685188750999999741e+01 2.675188750999999598e+01 2.665188750999999456e+01 2.655188750999999314e+01 2.645188750999999172e+01 2.635188750999999030e+01 2.625188750999998888e+01 2.615188750999998746e+01 2.605188750999998604e+01 2.595188750999998462e+01 2.585188750999998319e+01 2.575188750999998177e+01 2.565188750999998035e+01 2.555188750999997893e+01 2.545188750999997751e+01 2.535188750999997609e+01 2.525188750999997467e+01 2.515188750999997325e+01
6.300000000000000000e+01 7.100000000000000000e+01 7.800000000000000000e+01 9.100000000000000000e+01 1.090000000000000000e+02 1.280000000000000000e+02 1.470000000000000000e+02 1.670000000000000000e+02 1.820000000000000000e+02 1.930000000000000000e+02 1.910000000000000000e+02 1.890000000000000000e+02 1.720000000000000000e+02 1.590000000000000000e+02 1.370000000000000000e+02 1.260000000000000000e+02 1.080000000000000000e+02 9.200000000000000000e+01 7.900000000000000000e+01 6.800000000000000000e+01
2.474100000000000000e+04 1.922000000000000000e+04 1.896500000000000000e+04 1.406300000000000000e+04 1.236900000000000000e+04 9.765000000000000000e+03 7.711000000000000000e+03 5.941000000000000000e+03 4.256000000000000000e+03 3.363000000000000000e+03 3.321000000000000000e+03 3.936000000000000000e+03 4.743000000000000000e+03 6.330000000000000000e+03 8.334000000000000000e+03 9.475000000000000000e+03 1.218200000000000000e+04 1.387900000000000000e+04 1.944700000000000000e+04 2.514800000000000000e+04
Best: 26.077601795714372
