[ 30954.00230093  12655.00169373   7822.01984711]
0 pass:
2.809539032000000702e+01 2.709539032000000702e+01 2.609539032000000702e+01 2.509539032000000702e+01 2.409539032000000702e+01
5.600000000000000000e+01 6.600000000000000000e+01 1.840000000000000000e+02 1.000000000000000000e+02 3.000000000000000000e+01
5.183600000000000000e+04 2.493000000000000000e+04 4.416000000000000000e+03 1.234000000000000000e+04 1.569844000000000000e+06
1 pass:
2.709539032000000702e+01 2.699539032000000560e+01 2.689539032000000418e+01 2.679539032000000276e+01 2.669539032000000134e+01 2.659539031999999992e+01 2.649539031999999850e+01 2.639539031999999708e+01 2.629539031999999565e+01 2.619539031999999423e+01 2.609539031999999281e+01 2.599539031999999139e+01 2.589539031999998997e+01 2.579539031999998855e+01 2.569539031999998713e+01 2.559539031999998571e+01 2.549539031999998429e+01 2.539539031999998286e+01 2.529539031999998144e+01 2.519539031999998002e+01
6.300000000000000000e+01 6.100000000000000000e+01 5.800000000000000000e+01 6.600000000000000000e+01 7.000000000000000000e+01 7.300000000000000000e+01 9.100000000000000000e+01 1.160000000000000000e+02 1.450000000000000000e+02 1.650000000000000000e+02 1.890000000000000000e+02 2.060000000000000000e+02 2.130000000000000000e+02 2.240000000000000000e+02 2.140000000000000000e+02 2.000000000000000000e+02 1.790000000000000000e+02 1.560000000000000000e+02 1.330000000000000000e+02 1.140000000000000000e+02
2.516100000000000000e+04 2.462400000000000000e+04 5.154000000000000000e+04 2.408300000000000000e+04 1.903900000000000000e+04 1.890200000000000000e+04 1.416500000000000000e+04 1.112100000000000000e+04 7.801000000000000000e+03 5.907000000000000000e+03 4.453000000000000000e+03 2.879000000000000000e+03 2.282000000000000000e+03 1.735000000000000000e+03 2.146000000000000000e+03 2.661000000000000000e+03 4.748000000000000000e+03 6.508000000000000000e+03 8.471000000000000000e+03 1.081300000000000000e+04
Best: 25.81310332448426
[ 31043.99688501  12655.00421143   7821.84092255]
0 pass:
2.755110931000000107e+01 2.655110931000000107e+01 2.555110931000000107e+01 2.455110931000000107e+01 2.355110931000000107e+01
4.200000000000000000e+01 6.700000000000000000e+01 2.010000000000000000e+02 5.000000000000000000e+01 0.000000000000000000e+00
2.939890000000000000e+05 2.431500000000000000e+04 2.602000000000000000e+03 5.411700000000000000e+04 0.000000000000000000e+00
1 pass:
2.655110931000000107e+01 2.645110930999999965e+01 2.635110930999999823e+01 2.625110930999999681e+01 2.615110930999999539e+01 2.605110930999999397e+01 2.595110930999999255e+01 2.585110930999999113e+01 2.575110930999998970e+01 2.565110930999998828e+01 2.555110930999998686e+01 2.545110930999998544e+01 2.535110930999998402e+01 2.525110930999998260e+01 2.515110930999998118e+01 2.505110930999997976e+01 2.495110930999997834e+01 2.485110930999997692e+01 2.475110930999997549e+01 2.465110930999997407e+01
6.900000000000000000e+01 7.000000000000000000e+01 8.700000000000000000e+01 1.050000000000000000e+02 1.300000000000000000e+02 1.520000000000000000e+02 1.740000000000000000e+02 1.860000000000000000e+02 1.990000000000000000e+02 2.040000000000000000e+02 2.040000000000000000e+02 1.910000000000000000e+02 1.740000000000000000e+02 1.520000000000000000e+02 1.390000000000000000e+02 1.200000000000000000e+02 1.010000000000000000e+02 8.900000000000000000e+01 7.400000000000000000e+01 6.100000000000000000e+01
2.424400000000000000e+04 1.880400000000000000e+04 1.575900000000000000e+04 1.219500000000000000e+04 8.594000000000000000e+03 6.659000000000000000e+03 4.984000000000000000e+03 4.086000000000000000e+03 3.317000000000000000e+03 2.559000000000000000e+03 2.534000000000000000e+03 3.184000000000000000e+03 4.671000000000000000e+03 6.284000000000000000e+03 8.370000000000000000e+03 9.553000000000000000e+03 1.224000000000000000e+04 1.606500000000000000e+04 1.901800000000000000e+04 2.486900000000000000e+04
Best: 25.643214573157582
[ 31043.99854059  12745.00223923   7822.72043915]
0 pass:
2.747832488999999612e+01 2.647832488999999612e+01 2.547832488999999612e+01 2.447832488999999612e+01 2.347832488999999612e+01
6.200000000000000000e+01 2.020000000000000000e+02 5.100000000000000000e+01 0.000000000000000000e+00 0.000000000000000000e+00
2.452900000000000000e+04 2.673000000000000000e+03 5.423700000000000000e+04 0.000000000000000000e+00 0.000000000000000000e+00
1 pass:
2.747832488999999612e+01 2.737832488999999470e+01 2.727832488999999327e+01 2.717832488999999185e+01 2.707832488999999043e+01 2.697832488999998901e+01 2.687832488999998759e+01 2.677832488999998617e+01 2.667832488999998475e+01 2.657832488999998333e+01 2.647832488999998191e+01 2.637832488999998048e+01 2.627832488999997906e+01 2.617832488999997764e+01 2.607832488999997622e+01 2.597832488999997480e+01 2.587832488999997338e+01 2.577832488999997196e+01 2.567832488999997054e+01 2.557832488999996912e+01
6.300000000000000000e+01 6.900000000000000000e+01 7.400000000000000000e+01 9.800000000000000000e+01 1.120000000000000000e+02 1.320000000000000000e+02 1.530000000000000000e+02 1.740000000000000000e+02 1.880000000000000000e+02 2.020000000000000000e+02 1.970000000000000000e+02 1.910000000000000000e+02 1.790000000000000000e+02 1.610000000000000000e+02 1.420000000000000000e+02 1.230000000000000000e+02 1.070000000000000000e+02 8.800000000000000000e+01 7.800000000000000000e+01 6.300000000000000000e+01
2.429300000000000000e+04 2.430700000000000000e+04 1.894100000000000000e+04 1.399100000000000000e+04 1.088900000000000000e+04 8.649000000000000000e+03 6.697000000000000000e+03 4.975000000000000000e+03 4.151000000000000000e+03 2.713000000000000000e+03 3.244000000000000000e+03 3.168000000000000000e+03 4.486000000000000000e+03 5.387000000000000000e+03 7.148000000000000000e+03 9.323000000000000000e+03 1.200300000000000000e+04 1.566600000000000000e+04 1.873900000000000000e+04 2.451900000000000000e+04
Best: 26.517277270952462
[ 30954.00442333  12745.00465774   7822.88082428]
0 pass:
2.938021088000000702e+01 2.838021088000000702e+01 2.738021088000000702e+01 2.638021088000000702e+01 2.538021088000000702e+01
3.500000000000000000e+01 5.000000000000000000e+01 8.300000000000000000e+01 1.800000000000000000e+02 3.900000000000000000e+01
1.553993000000000000e+06 4.892800000000000000e+04 1.587400000000000000e+04 3.910000000000000000e+03 1.483932000000000000e+06
1 pass:
2.738021088000000702e+01 2.728021088000000560e+01 2.718021088000000418e+01 2.708021088000000276e+01 2.698021088000000134e+01 2.688021087999999992e+01 2.678021087999999850e+01 2.668021087999999708e+01 2.658021087999999565e+01 2.648021087999999423e+01 2.638021087999999281e+01 2.628021087999999139e+01 2.618021087999998997e+01 2.608021087999998855e+01 2.598021087999998713e+01 2.588021087999998571e+01 2.578021087999998429e+01 2.568021087999998286e+01 2.558021087999998144e+01 2.548021087999998002e+01
8.300000000000000000e+01 1.050000000000000000e+02 1.290000000000000000e+02 1.550000000000000000e+02 1.780000000000000000e+02 1.920000000000000000e+02 2.040000000000000000e+02 2.100000000000000000e+02 2.090000000000000000e+02 1.950000000000000000e+02 1.780000000000000000e+02 1.580000000000000000e+02 1.400000000000000000e+02 1.200000000000000000e+02 1.090000000000000000e+02 9.000000000000000000e+01 7.600000000000000000e+01 6.200000000000000000e+01 0.000000000000000000e+00 0.000000000000000000e+00
1.611700000000000000e+04 1.240500000000000000e+04 9.703000000000000000e+03 6.760000000000000000e+03 4.993000000000000000e+03 3.500000000000000000e+03 2.858000000000000000e+03 2.186000000000000000e+03 2.613000000000000000e+03 3.291000000000000000e+03 4.709000000000000000e+03 6.455000000000000000e+03 7.368000000000000000e+03 9.591000000000000000e+03 1.233400000000000000e+04 1.412500000000000000e+04 1.914500000000000000e+04 2.476000000000000000e+04 0.000000000000000000e+00 0.000000000000000000e+00
Best: 26.674692485350977
[ 30953.996247    12654.99954224   7822.09565277]
0 pass:
2.882488250999999480e+01 2.782488250999999480e+01 2.682488250999999480e+01 2.582488250999999480e+01 2.482488250999999480e+01
4.000000000000000000e+01 4.000000000000000000e+01 6.700000000000000000e+01 2.100000000000000000e+02 5.100000000000000000e+01
2.661700000000000000e+05 2.710670000000000000e+05 2.421500000000000000e+04 2.083000000000000000e+03 5.103500000000000000e+04
1 pass:
2.682488250999999480e+01 2.672488250999999337e+01 2.662488250999999195e+01 2.652488250999999053e+01 2.642488250999998911e+01 2.632488250999998769e+01 2.622488250999998627e+01 2.612488250999998485e+01 2.602488250999998343e+01 2.592488250999998201e+01 2.582488250999998058e+01 2.572488250999997916e+01 2.562488250999997774e+01 2.552488250999997632e+01 2.542488250999997490e+01 2.532488250999997348e+01 2.522488250999997206e+01 2.512488250999997064e+01 2.502488250999996922e+01 2.492488250999996779e+01
6.600000000000000000e+01 7.200000000000000000e+01 7.600000000000000000e+01 9.900000000000000000e+01 1.240000000000000000e+02 1.480000000000000000e+02 1.720000000000000000e+02 1.860000000000000000e+02 2.100000000000000000e+02 2.080000000000000000e+02 2.070000000000000000e+02 1.990000000000000000e+02 1.790000000000000000e+02 1.580000000000000000e+02 1.460000000000000000e+02 1.230000000000000000e+02 1.140000000000000000e+02 8.900000000000000000e+01 7.800000000000000000e+01 6.400000000000000000e+01
2.437600000000000000e+04 1.893200000000000000e+04 1.868400000000000000e+04 1.397900000000000000e+04 9.721000000000000000e+03 7.726000000000000000e+03 5.115000000000000000e+03 4.223000000000000000e+03 2.205000000000000000e+03 2.698000000000000000e+03 2.699000000000000000e+03 3.249000000000000000e+03 4.724000000000000000e+03 6.526000000000000000e+03 7.325000000000000000e+03 9.469000000000000000e+03 1.078900000000000000e+04 1.618800000000000000e+04 1.903200000000000000e+04 2.446400000000000000e+04
Best: 25.904760558780676
[ 31044.0120141   12654.98924255   7821.92537994]
0 pass:
2.713134003000000405e+01 2.613134003000000405e+01 2.513134003000000405e+01 2.413134003000000405e+01 2.313134003000000405e+01
7.400000000000000000e+01 1.460000000000000000e+02 1.240000000000000000e+02 3.100000000000000000e+01 0.000000000000000000e+00
2.020600000000000000e+04 7.644000000000000000e+03 9.385000000000000000e+03 1.526205000000000000e+06 0.000000000000000000e+00
1 pass:
2.713134003000000405e+01 2.703134003000000263e+01 2.693134003000000121e+01 2.683134002999999979e+01 2.673134002999999836e+01 2.663134002999999694e+01 2.653134002999999552e+01 2.643134002999999410e+01 2.633134002999999268e+01 2.623134002999999126e+01 2.613134002999998984e+01 2.603134002999998842e+01 2.593134002999998700e+01 2.583134002999998557e+01 2.573134002999998415e+01 2.563134002999998273e+01 2.553134002999998131e+01 2.543134002999997989e+01 2.533134002999997847e+01 2.523134002999997705e+01
7.400000000000000000e+01 6.900000000000000000e+01 6.200000000000000000e+01 5.800000000000000000e+01 6.400000000000000000e+01 6.900000000000000000e+01 7.000000000000000000e+01 8.400000000000000000e+01 1.080000000000000000e+02 1.230000000000000000e+02 1.440000000000000000e+02 1.690000000000000000e+02 1.890000000000000000e+02 2.020000000000000000e+02 2.070000000000000000e+02 2.050000000000000000e+02 1.900000000000000000e+02 1.720000000000000000e+02 1.570000000000000000e+02 1.370000000000000000e+02
2.004000000000000000e+04 2.468000000000000000e+04 2.471500000000000000e+04 5.020300000000000000e+04 2.426200000000000000e+04 2.393700000000000000e+04 1.908400000000000000e+04 1.603100000000000000e+04 1.235800000000000000e+04 9.727000000000000000e+03 7.630000000000000000e+03 5.734000000000000000e+03 4.106000000000000000e+03 2.693000000000000000e+03 2.642000000000000000e+03 2.534000000000000000e+03 3.256000000000000000e+03 4.597000000000000000e+03 6.291000000000000000e+03 8.257000000000000000e+03
Best: 25.725235378837276
[ 31043.98621912  12745.00149536   7822.83512421]
0 pass:
2.753838347999999314e+01 2.653838347999999314e+01 2.553838347999999314e+01 2.453838347999999314e+01 2.353838347999999314e+01
6.400000000000000000e+01 1.970000000000000000e+02 4.600000000000000000e+01 0.000000000000000000e+00 0.000000000000000000e+00
2.442100000000000000e+04 3.272000000000000000e+03 3.179370000000000000e+05 0.000000000000000000e+00 0.000000000000000000e+00
1 pass:
2.753838347999999314e+01 2.743838347999999172e+01 2.733838347999999030e+01 2.723838347999998888e+01 2.713838347999998746e+01 2.703838347999998604e+01 2.693838347999998462e+01 2.683838347999998319e+01 2.673838347999998177e+01 2.663838347999998035e+01 2.653838347999997893e+01 2.643838347999997751e+01 2.633838347999997609e+01 2.623838347999997467e+01 2.613838347999997325e+01 2.603838347999997183e+01 2.593838347999997040e+01 2.583838347999996898e+01 2.573838347999996756e+01 2.563838347999996614e+01
6.500000000000000000e+01 7.000000000000000000e+01 8.400000000000000000e+01 1.060000000000000000e+02 1.260000000000000000e+02 1.460000000000000000e+02 1.660000000000000000e+02 1.860000000000000000e+02 2.000000000000000000e+02 2.040000000000000000e+02 1.990000000000000000e+02 1.880000000000000000e+02 1.750000000000000000e+02 1.550000000000000000e+02 1.290000000000000000e+02 1.130000000000000000e+02 1.000000000000000000e+02 8.500000000000000000e+01 7.100000000000000000e+01 5.700000000000000000e+01
2.436900000000000000e+04 1.903100000000000000e+04 1.602400000000000000e+04 1.235600000000000000e+04 9.740000000000000000e+03 7.639000000000000000e+03 5.825000000000000000e+03 4.220000000000000000e+03 2.795000000000000000e+03 2.692000000000000000e+03 3.262000000000000000e+03 3.897000000000000000e+03 4.621000000000000000e+03 6.336000000000000000e+03 9.336000000000000000e+03 1.069000000000000000e+04 1.209100000000000000e+04 1.598100000000000000e+04 1.909900000000000000e+04 5.348800000000000000e+04
Best: 26.623773090389538
[ 30953.99007816  12745.00479507   7822.97196503]
0 pass:
2.952573395000000289e+01 2.852573395000000289e+01 2.752573395000000289e+01 2.652573395000000289e+01 2.552573395000000289e+01
3.500000000000000000e+01 4.400000000000000000e+01 8.000000000000000000e+01 1.850000000000000000e+02 3.900000000000000000e+01
1.629188000000000000e+06 2.886100000000000000e+05 1.611900000000000000e+04 3.967000000000000000e+03 1.537979000000000000e+06
1 pass:
2.752573395000000289e+01 2.742573395000000147e+01 2.732573395000000005e+01 2.722573394999999863e+01 2.712573394999999721e+01 2.702573394999999579e+01 2.692573394999999437e+01 2.682573394999999294e+01 2.672573394999999152e+01 2.662573394999999010e+01 2.652573394999998868e+01 2.642573394999998726e+01 2.632573394999998584e+01 2.622573394999998442e+01 2.612573394999998300e+01 2.602573394999998158e+01 2.592573394999998015e+01 2.582573394999997873e+01 2.572573394999997731e+01 2.562573394999997589e+01
7.700000000000000000e+01 9.500000000000000000e+01 1.220000000000000000e+02 1.430000000000000000e+02 1.690000000000000000e+02 1.880000000000000000e+02 1.990000000000000000e+02 2.100000000000000000e+02 2.090000000000000000e+02 2.060000000000000000e+02 1.900000000000000000e+02 1.700000000000000000e+02 1.470000000000000000e+02 1.260000000000000000e+02 1.110000000000000000e+02 1.000000000000000000e+02 8.100000000000000000e+01 6.700000000000000000e+01 0.000000000000000000e+00 0.000000000000000000e+00
1.873700000000000000e+04 1.399000000000000000e+04 9.745000000000000000e+03 7.712000000000000000e+03 5.979000000000000000e+03 4.242000000000000000e+03 3.506000000000000000e+03 2.197000000000000000e+03 2.671000000000000000e+03 2.687000000000000000e+03 3.214000000000000000e+03 4.704000000000000000e+03 7.299000000000000000e+03 9.610000000000000000e+03 1.086700000000000000e+04 1.243400000000000000e+04 1.643000000000000000e+04 2.529100000000000000e+04 0.000000000000000000e+00 0.000000000000000000e+00
Best: 26.769114987566823
