[ 27469.00935583  14860.00321524   5876.01197205]
0 pass:
2.701542664000000116e+01 2.601542664000000116e+01 2.501542664000000116e+01 2.401542664000000116e+01 2.301542664000000116e+01
3.500000000000000000e+01 5.900000000000000000e+01 1.910000000000000000e+02 6.400000000000000000e+01 2.900000000000000000e+01
1.740374000000000000e+06 5.595300000000000000e+04 3.524000000000000000e+03 2.525600000000000000e+04 3.850008000000000000e+06
1 pass:
2.601542664000000116e+01 2.591542663999999974e+01 2.581542663999999832e+01 2.571542663999999689e+01 2.561542663999999547e+01 2.551542663999999405e+01 2.541542663999999263e+01 2.531542663999999121e+01 2.521542663999998979e+01 2.511542663999998837e+01 2.501542663999998695e+01 2.491542663999998553e+01 2.481542663999998410e+01 2.471542663999998268e+01 2.461542663999998126e+01 2.451542663999997984e+01 2.441542663999997842e+01 2.431542663999997700e+01 2.421542663999997558e+01 2.411542663999997416e+01
5.900000000000000000e+01 6.000000000000000000e+01 6.800000000000000000e+01 7.100000000000000000e+01 8.600000000000000000e+01 1.040000000000000000e+02 1.350000000000000000e+02 1.470000000000000000e+02 1.670000000000000000e+02 1.840000000000000000e+02 1.940000000000000000e+02 2.020000000000000000e+02 1.930000000000000000e+02 1.830000000000000000e+02 1.660000000000000000e+02 1.500000000000000000e+02 1.320000000000000000e+02 1.190000000000000000e+02 9.900000000000000000e+01 8.300000000000000000e+01
5.269400000000000000e+04 2.429700000000000000e+04 2.402700000000000000e+04 1.881900000000000000e+04 1.619500000000000000e+04 1.238600000000000000e+04 8.710000000000000000e+03 7.675000000000000000e+03 5.924000000000000000e+03 4.324000000000000000e+03 3.481000000000000000e+03 2.711000000000000000e+03 3.317000000000000000e+03 4.008000000000000000e+03 5.587000000000000000e+03 6.481000000000000000e+03 8.387000000000000000e+03 1.082600000000000000e+04 1.429900000000000000e+04 1.637900000000000000e+04
Best: 24.91838716631569
[ 27469.00446921  14859.99862997   5875.98502502]
0 pass:
2.691992188000000397e+01 2.591992188000000397e+01 2.491992188000000397e+01 2.391992188000000397e+01 2.291992188000000397e+01
3.700000000000000000e+01 6.000000000000000000e+01 1.990000000000000000e+02 5.700000000000000000e+01 0.000000000000000000e+00
1.704345000000000000e+06 2.470700000000000000e+04 3.438000000000000000e+03 5.731800000000000000e+04 0.000000000000000000e+00
1 pass:
2.591992188000000397e+01 2.581992188000000255e+01 2.571992188000000112e+01 2.561992187999999970e+01 2.551992187999999828e+01 2.541992187999999686e+01 2.531992187999999544e+01 2.521992187999999402e+01 2.511992187999999260e+01 2.501992187999999118e+01 2.491992187999998976e+01 2.481992187999998833e+01 2.471992187999998691e+01 2.461992187999998549e+01 2.451992187999998407e+01 2.441992187999998265e+01 2.431992187999998123e+01 2.421992187999997981e+01 2.411992187999997839e+01 2.401992187999997697e+01
5.700000000000000000e+01 6.700000000000000000e+01 7.100000000000000000e+01 9.000000000000000000e+01 1.080000000000000000e+02 1.300000000000000000e+02 1.460000000000000000e+02 1.670000000000000000e+02 1.750000000000000000e+02 1.900000000000000000e+02 1.990000000000000000e+02 1.990000000000000000e+02 1.870000000000000000e+02 1.750000000000000000e+02 1.520000000000000000e+02 1.340000000000000000e+02 1.150000000000000000e+02 1.010000000000000000e+02 8.500000000000000000e+01 7.200000000000000000e+01
5.279300000000000000e+04 2.428000000000000000e+04 1.908500000000000000e+04 1.414800000000000000e+04 1.241700000000000000e+04 8.647000000000000000e+03 7.730000000000000000e+03 5.908000000000000000e+03 5.079000000000000000e+03 3.589000000000000000e+03 3.499000000000000000e+03 3.437000000000000000e+03 4.019000000000000000e+03 4.764000000000000000e+03 6.404000000000000000e+03 8.436000000000000000e+03 1.088000000000000000e+04 1.235200000000000000e+04 1.668600000000000000e+04 1.960000000000000000e+04
Best: 24.886127413596903
[ 27469.00115805  14860.00030844   5876.00014648]
0 pass:
2.689192199999999389e+01 2.589192199999999389e+01 2.489192199999999389e+01 2.389192199999999389e+01 2.289192199999999389e+01
3.600000000000000000e+01 5.900000000000000000e+01 1.970000000000000000e+02 5.800000000000000000e+01 0.000000000000000000e+00
1.655770000000000000e+06 5.223300000000000000e+04 3.405000000000000000e+03 5.774500000000000000e+04 0.000000000000000000e+00
1 pass:
2.589192199999999389e+01 2.579192199999999247e+01 2.569192199999999104e+01 2.559192199999998962e+01 2.549192199999998820e+01 2.539192199999998678e+01 2.529192199999998536e+01 2.519192199999998394e+01 2.509192199999998252e+01 2.499192199999998110e+01 2.489192199999997968e+01 2.479192199999997825e+01 2.469192199999997683e+01 2.459192199999997541e+01 2.449192199999997399e+01 2.439192199999997257e+01 2.429192199999997115e+01 2.419192199999996973e+01 2.409192199999996831e+01 2.399192199999996689e+01
5.900000000000000000e+01 6.300000000000000000e+01 7.100000000000000000e+01 9.000000000000000000e+01 1.120000000000000000e+02 1.340000000000000000e+02 1.550000000000000000e+02 1.750000000000000000e+02 1.860000000000000000e+02 1.940000000000000000e+02 1.970000000000000000e+02 1.980000000000000000e+02 1.830000000000000000e+02 1.600000000000000000e+02 1.460000000000000000e+02 1.230000000000000000e+02 1.050000000000000000e+02 9.200000000000000000e+01 7.600000000000000000e+01 6.500000000000000000e+01
5.087000000000000000e+04 2.383200000000000000e+04 1.877000000000000000e+04 1.414900000000000000e+04 1.096800000000000000e+04 8.634000000000000000e+03 6.746000000000000000e+03 5.106000000000000000e+03 4.270000000000000000e+03 3.439000000000000000e+03 3.318000000000000000e+03 3.316000000000000000e+03 3.950000000000000000e+03 5.527000000000000000e+03 7.302000000000000000e+03 9.553000000000000000e+03 1.234900000000000000e+04 1.415800000000000000e+04 1.933200000000000000e+04 2.521000000000000000e+04
Best: 24.916316463667428
[ 27468.99865942  14859.99477713   5875.97594604]
0 pass:
2.692048644999999851e+01 2.592048644999999851e+01 2.492048644999999851e+01 2.392048644999999851e+01 2.292048644999999851e+01
3.600000000000000000e+01 5.900000000000000000e+01 2.000000000000000000e+02 5.900000000000000000e+01 0.000000000000000000e+00
1.696256000000000000e+06 5.890900000000000000e+04 2.767000000000000000e+03 5.948200000000000000e+04 0.000000000000000000e+00
1 pass:
2.592048644999999851e+01 2.582048644999999709e+01 2.572048644999999567e+01 2.562048644999999425e+01 2.552048644999999283e+01 2.542048644999999141e+01 2.532048644999998999e+01 2.522048644999998857e+01 2.512048644999998714e+01 2.502048644999998572e+01 2.492048644999998430e+01 2.482048644999998288e+01 2.472048644999998146e+01 2.462048644999998004e+01 2.452048644999997862e+01 2.442048644999997720e+01 2.432048644999997578e+01 2.422048644999997435e+01 2.412048644999997293e+01 2.402048644999997151e+01
6.100000000000000000e+01 6.600000000000000000e+01 7.200000000000000000e+01 8.300000000000000000e+01 9.600000000000000000e+01 1.240000000000000000e+02 1.380000000000000000e+02 1.650000000000000000e+02 1.750000000000000000e+02 1.900000000000000000e+02 1.950000000000000000e+02 1.930000000000000000e+02 1.900000000000000000e+02 1.780000000000000000e+02 1.590000000000000000e+02 1.410000000000000000e+02 1.180000000000000000e+02 1.060000000000000000e+02 9.000000000000000000e+01 7.600000000000000000e+01
2.436800000000000000e+04 2.400300000000000000e+04 1.888600000000000000e+04 1.609500000000000000e+04 1.404300000000000000e+04 9.786000000000000000e+03 8.692000000000000000e+03 5.984000000000000000e+03 5.031000000000000000e+03 3.534000000000000000e+03 3.382000000000000000e+03 3.403000000000000000e+03 3.320000000000000000e+03 4.676000000000000000e+03 6.396000000000000000e+03 7.299000000000000000e+03 1.082400000000000000e+04 1.236100000000000000e+04 1.413800000000000000e+04 1.950100000000000000e+04
Best: 24.876804532788356
[ 27468.99920493  14860.00604575   5875.93027649]
0 pass:
2.687791443000000413e+01 2.587791443000000413e+01 2.487791443000000413e+01 2.387791443000000413e+01 2.287791443000000413e+01
3.700000000000000000e+01 5.900000000000000000e+01 1.970000000000000000e+02 5.300000000000000000e+01 0.000000000000000000e+00
1.474590000000000000e+06 4.760400000000000000e+04 3.380000000000000000e+03 5.049700000000000000e+04 0.000000000000000000e+00
1 pass:
2.587791443000000413e+01 2.577791443000000271e+01 2.567791443000000129e+01 2.557791442999999987e+01 2.547791442999999845e+01 2.537791442999999703e+01 2.527791442999999560e+01 2.517791442999999418e+01 2.507791442999999276e+01 2.497791442999999134e+01 2.487791442999998992e+01 2.477791442999998850e+01 2.467791442999998708e+01 2.457791442999998566e+01 2.447791442999998424e+01 2.437791442999998281e+01 2.427791442999998139e+01 2.417791442999997997e+01 2.407791442999997855e+01 2.397791442999997713e+01
6.000000000000000000e+01 6.600000000000000000e+01 7.000000000000000000e+01 8.800000000000000000e+01 1.090000000000000000e+02 1.210000000000000000e+02 1.460000000000000000e+02 1.630000000000000000e+02 1.770000000000000000e+02 1.950000000000000000e+02 1.960000000000000000e+02 1.960000000000000000e+02 1.880000000000000000e+02 1.760000000000000000e+02 1.600000000000000000e+02 1.340000000000000000e+02 1.210000000000000000e+02 1.050000000000000000e+02 8.800000000000000000e+01 7.600000000000000000e+01
2.336000000000000000e+04 2.346700000000000000e+04 1.859000000000000000e+04 1.590600000000000000e+04 1.233700000000000000e+04 9.726000000000000000e+03 7.658000000000000000e+03 5.864000000000000000e+03 5.050000000000000000e+03 3.535000000000000000e+03 3.496000000000000000e+03 3.361000000000000000e+03 4.022000000000000000e+03 4.731000000000000000e+03 5.557000000000000000e+03 8.406000000000000000e+03 9.575000000000000000e+03 1.237900000000000000e+04 1.644300000000000000e+04 1.943300000000000000e+04
Best: 24.83740937949485
[ 27469.00638037  14860.00946371   5875.92122803]
0 pass:
2.683894347999999752e+01 2.583894347999999752e+01 2.483894347999999752e+01 2.383894347999999752e+01 2.283894347999999752e+01
3.600000000000000000e+01 6.100000000000000000e+01 1.970000000000000000e+02 5.500000000000000000e+01 0.000000000000000000e+00
1.627645000000000000e+06 2.450600000000000000e+04 3.459000000000000000e+03 5.671900000000000000e+04 0.000000000000000000e+00
1 pass:
2.583894347999999752e+01 2.573894347999999610e+01 2.563894347999999468e+01 2.553894347999999326e+01 2.543894347999999184e+01 2.533894347999999042e+01 2.523894347999998899e+01 2.513894347999998757e+01 2.503894347999998615e+01 2.493894347999998473e+01 2.483894347999998331e+01 2.473894347999998189e+01 2.463894347999998047e+01 2.453894347999997905e+01 2.443894347999997763e+01 2.433894347999997620e+01 2.423894347999997478e+01 2.413894347999997336e+01 2.403894347999997194e+01 2.393894347999997052e+01
6.000000000000000000e+01 6.500000000000000000e+01 7.100000000000000000e+01 8.900000000000000000e+01 1.060000000000000000e+02 1.280000000000000000e+02 1.510000000000000000e+02 1.650000000000000000e+02 1.800000000000000000e+02 1.980000000000000000e+02 2.010000000000000000e+02 1.940000000000000000e+02 1.860000000000000000e+02 1.730000000000000000e+02 1.450000000000000000e+02 1.300000000000000000e+02 1.110000000000000000e+02 9.400000000000000000e+01 7.700000000000000000e+01 6.800000000000000000e+01
2.473400000000000000e+04 2.450300000000000000e+04 1.889800000000000000e+04 1.608200000000000000e+04 1.241700000000000000e+04 9.802000000000000000e+03 6.805000000000000000e+03 5.996000000000000000e+03 4.340000000000000000e+03 3.566000000000000000e+03 2.756000000000000000e+03 3.360000000000000000e+03 4.006000000000000000e+03 4.684000000000000000e+03 7.408000000000000000e+03 8.519000000000000000e+03 1.085800000000000000e+04 1.407100000000000000e+04 1.949000000000000000e+04 2.534700000000000000e+04
Best: 24.822391755861748
[ 27469.00757819  14859.9902529    5875.90101013]
0 pass:
2.682109069999999917e+01 2.582109069999999917e+01 2.482109069999999917e+01 2.382109069999999917e+01 2.282109069999999917e+01
3.800000000000000000e+01 6.400000000000000000e+01 1.990000000000000000e+02 5.800000000000000000e+01 0.000000000000000000e+00
1.514623000000000000e+06 2.469000000000000000e+04 3.423000000000000000e+03 5.701000000000000000e+04 0.000000000000000000e+00
1 pass:
2.582109069999999917e+01 2.572109069999999775e+01 2.562109069999999633e+01 2.552109069999999491e+01 2.542109069999999349e+01 2.532109069999999207e+01 2.522109069999999065e+01 2.512109069999998923e+01 2.502109069999998781e+01 2.492109069999998638e+01 2.482109069999998496e+01 2.472109069999998354e+01 2.462109069999998212e+01 2.452109069999998070e+01 2.442109069999997928e+01 2.432109069999997786e+01 2.422109069999997644e+01 2.412109069999997502e+01 2.402109069999997359e+01 2.392109069999997217e+01
6.000000000000000000e+01 6.500000000000000000e+01 7.200000000000000000e+01 8.600000000000000000e+01 1.110000000000000000e+02 1.280000000000000000e+02 1.390000000000000000e+02 1.660000000000000000e+02 1.790000000000000000e+02 1.930000000000000000e+02 2.000000000000000000e+02 1.970000000000000000e+02 1.910000000000000000e+02 1.730000000000000000e+02 1.560000000000000000e+02 1.380000000000000000e+02 1.210000000000000000e+02 1.050000000000000000e+02 9.000000000000000000e+01 7.400000000000000000e+01
2.450300000000000000e+04 2.399700000000000000e+04 1.871700000000000000e+04 1.600500000000000000e+04 1.100300000000000000e+04 9.755000000000000000e+03 8.721000000000000000e+03 5.907000000000000000e+03 5.063000000000000000e+03 3.582000000000000000e+03 2.732000000000000000e+03 3.281000000000000000e+03 3.289000000000000000e+03 4.749000000000000000e+03 6.452000000000000000e+03 8.431000000000000000e+03 9.484000000000000000e+03 1.239200000000000000e+04 1.422700000000000000e+04 1.952100000000000000e+04
Best: 24.794363427272668
[ 27469.0037673   14860.00072806   5875.7882782 ]
0 pass:
2.679576111000000083e+01 2.579576111000000083e+01 2.479576111000000083e+01 2.379576111000000083e+01 2.279576111000000083e+01
3.500000000000000000e+01 5.900000000000000000e+01 1.970000000000000000e+02 6.900000000000000000e+01 3.000000000000000000e+01
1.568285000000000000e+06 5.234800000000000000e+04 3.461000000000000000e+03 2.492400000000000000e+04 1.615318000000000000e+06
1 pass:
2.579576111000000083e+01 2.569576110999999941e+01 2.559576110999999798e+01 2.549576110999999656e+01 2.539576110999999514e+01 2.529576110999999372e+01 2.519576110999999230e+01 2.509576110999999088e+01 2.499576110999998946e+01 2.489576110999998804e+01 2.479576110999998662e+01 2.469576110999998519e+01 2.459576110999998377e+01 2.449576110999998235e+01 2.439576110999998093e+01 2.429576110999997951e+01 2.419576110999997809e+01 2.409576110999997667e+01 2.399576110999997525e+01 2.389576110999997383e+01
5.700000000000000000e+01 6.000000000000000000e+01 6.700000000000000000e+01 7.100000000000000000e+01 8.400000000000000000e+01 1.070000000000000000e+02 1.270000000000000000e+02 1.470000000000000000e+02 1.630000000000000000e+02 1.800000000000000000e+02 1.940000000000000000e+02 1.990000000000000000e+02 1.950000000000000000e+02 1.860000000000000000e+02 1.670000000000000000e+02 1.500000000000000000e+02 1.300000000000000000e+02 1.110000000000000000e+02 9.900000000000000000e+01 8.300000000000000000e+01
5.079400000000000000e+04 2.447200000000000000e+04 2.404700000000000000e+04 1.899600000000000000e+04 1.595400000000000000e+04 1.232100000000000000e+04 9.732000000000000000e+03 7.671000000000000000e+03 5.955000000000000000e+03 4.306000000000000000e+03 3.496000000000000000e+03 3.382000000000000000e+03 3.329000000000000000e+03 4.018000000000000000e+03 5.442000000000000000e+03 6.328000000000000000e+03 8.258000000000000000e+03 1.076100000000000000e+04 1.403700000000000000e+04 1.641400000000000000e+04
Best: 24.683780279329138
[ 27469.00353842  14859.99765341   5875.80051575]
0 pass:
2.668243407999999306e+01 2.568243407999999306e+01 2.468243407999999306e+01 2.368243407999999306e+01 2.268243407999999306e+01
3.600000000000000000e+01 6.000000000000000000e+01 1.970000000000000000e+02 5.400000000000000000e+01 0.000000000000000000e+00
1.561128000000000000e+06 2.392300000000000000e+04 3.330000000000000000e+03 5.394300000000000000e+04 0.000000000000000000e+00
1 pass:
2.568243407999999306e+01 2.558243407999999164e+01 2.548243407999999022e+01 2.538243407999998880e+01 2.528243407999998738e+01 2.518243407999998595e+01 2.508243407999998453e+01 2.498243407999998311e+01 2.488243407999998169e+01 2.478243407999998027e+01 2.468243407999997885e+01 2.458243407999997743e+01 2.448243407999997601e+01 2.438243407999997459e+01 2.428243407999997316e+01 2.418243407999997174e+01 2.408243407999997032e+01 2.398243407999996890e+01 2.388243407999996748e+01 2.378243407999996606e+01
6.100000000000000000e+01 6.800000000000000000e+01 7.400000000000000000e+01 8.900000000000000000e+01 1.060000000000000000e+02 1.290000000000000000e+02 1.460000000000000000e+02 1.690000000000000000e+02 1.860000000000000000e+02 1.970000000000000000e+02 2.010000000000000000e+02 2.000000000000000000e+02 1.810000000000000000e+02 1.670000000000000000e+02 1.530000000000000000e+02 1.280000000000000000e+02 1.120000000000000000e+02 9.800000000000000000e+01 8.500000000000000000e+01 6.800000000000000000e+01
2.398900000000000000e+04 2.374400000000000000e+04 1.854300000000000000e+04 1.590300000000000000e+04 1.246800000000000000e+04 9.744000000000000000e+03 7.650000000000000000e+03 5.952000000000000000e+03 4.342000000000000000e+03 3.478000000000000000e+03 2.677000000000000000e+03 2.597000000000000000e+03 3.966000000000000000e+03 5.625000000000000000e+03 6.291000000000000000e+03 9.481000000000000000e+03 1.069700000000000000e+04 1.403900000000000000e+04 1.626900000000000000e+04 2.446500000000000000e+04
Best: 24.688624556190327
[ 27469.00647192  14859.9898638    5875.77570496]
0 pass:
2.668630980999999736e+01 2.568630980999999736e+01 2.468630980999999736e+01 2.368630980999999736e+01 2.268630980999999736e+01
3.500000000000000000e+01 5.800000000000000000e+01 1.990000000000000000e+02 5.900000000000000000e+01 0.000000000000000000e+00
1.537434000000000000e+06 4.885700000000000000e+04 3.375000000000000000e+03 5.242100000000000000e+04 0.000000000000000000e+00
1 pass:
2.568630980999999736e+01 2.558630980999999593e+01 2.548630980999999451e+01 2.538630980999999309e+01 2.528630980999999167e+01 2.518630980999999025e+01 2.508630980999998883e+01 2.498630980999998741e+01 2.488630980999998599e+01 2.478630980999998457e+01 2.468630980999998314e+01 2.458630980999998172e+01 2.448630980999998030e+01 2.438630980999997888e+01 2.428630980999997746e+01 2.418630980999997604e+01 2.408630980999997462e+01 2.398630980999997320e+01 2.388630980999997178e+01 2.378630980999997035e+01
6.000000000000000000e+01 6.600000000000000000e+01 7.100000000000000000e+01 8.400000000000000000e+01 1.020000000000000000e+02 1.230000000000000000e+02 1.440000000000000000e+02 1.680000000000000000e+02 1.820000000000000000e+02 1.960000000000000000e+02 1.970000000000000000e+02 1.990000000000000000e+02 1.860000000000000000e+02 1.660000000000000000e+02 1.520000000000000000e+02 1.320000000000000000e+02 1.130000000000000000e+02 9.400000000000000000e+01 7.900000000000000000e+01 6.900000000000000000e+01
2.422100000000000000e+04 2.396800000000000000e+04 1.878400000000000000e+04 1.592800000000000000e+04 1.224000000000000000e+04 9.666000000000000000e+03 7.607000000000000000e+03 5.927000000000000000e+03 4.252000000000000000e+03 3.468000000000000000e+03 3.368000000000000000e+03 3.279000000000000000e+03 3.908000000000000000e+03 5.575000000000000000e+03 6.349000000000000000e+03 8.291000000000000000e+03 1.072000000000000000e+04 1.399600000000000000e+04 1.918000000000000000e+04 2.477000000000000000e+04
Best: 24.683834562475383
[ 27469.00629263  14859.99882071   5875.75760803]
0 pass:
2.668003844999999785e+01 2.568003844999999785e+01 2.468003844999999785e+01 2.368003844999999785e+01 2.268003844999999785e+01
3.600000000000000000e+01 6.000000000000000000e+01 2.000000000000000000e+02 5.400000000000000000e+01 0.000000000000000000e+00
1.538002000000000000e+06 2.386500000000000000e+04 2.673000000000000000e+03 5.585400000000000000e+04 0.000000000000000000e+00
1 pass:
2.568003844999999785e+01 2.558003844999999643e+01 2.548003844999999501e+01 2.538003844999999359e+01 2.528003844999999217e+01 2.518003844999999075e+01 2.508003844999998933e+01 2.498003844999998790e+01 2.488003844999998648e+01 2.478003844999998506e+01 2.468003844999998364e+01 2.458003844999998222e+01 2.448003844999998080e+01 2.438003844999997938e+01 2.428003844999997796e+01 2.418003844999997654e+01 2.408003844999997511e+01 2.398003844999997369e+01 2.388003844999997227e+01 2.378003844999997085e+01
5.700000000000000000e+01 6.800000000000000000e+01 7.100000000000000000e+01 8.800000000000000000e+01 1.070000000000000000e+02 1.290000000000000000e+02 1.450000000000000000e+02 1.630000000000000000e+02 1.800000000000000000e+02 1.920000000000000000e+02 1.960000000000000000e+02 1.950000000000000000e+02 1.900000000000000000e+02 1.710000000000000000e+02 1.530000000000000000e+02 1.370000000000000000e+02 1.150000000000000000e+02 9.400000000000000000e+01 8.000000000000000000e+01 6.800000000000000000e+01
5.426400000000000000e+04 2.390700000000000000e+04 1.892600000000000000e+04 1.588400000000000000e+04 1.229900000000000000e+04 9.642000000000000000e+03 7.649000000000000000e+03 5.880000000000000000e+03 4.256000000000000000e+03 3.478000000000000000e+03 3.322000000000000000e+03 3.316000000000000000e+03 3.269000000000000000e+03 4.724000000000000000e+03 6.433000000000000000e+03 8.407000000000000000e+03 1.072800000000000000e+04 1.419900000000000000e+04 1.625300000000000000e+04 2.477700000000000000e+04
Best: 24.654402086363593
[ 27469.00017004  14859.98844473   5875.74434814]
0 pass:
2.665502929999999537e+01 2.565502929999999537e+01 2.465502929999999537e+01 2.365502929999999537e+01 2.265502929999999537e+01
3.600000000000000000e+01 5.800000000000000000e+01 2.010000000000000000e+02 5.600000000000000000e+01 0.000000000000000000e+00
1.608762000000000000e+06 5.395400000000000000e+04 2.710000000000000000e+03 5.352300000000000000e+04 0.000000000000000000e+00
1 pass:
2.565502929999999537e+01 2.555502929999999395e+01 2.545502929999999253e+01 2.535502929999999111e+01 2.525502929999998969e+01 2.515502929999998827e+01 2.505502929999998685e+01 2.495502929999998543e+01 2.485502929999998400e+01 2.475502929999998258e+01 2.465502929999998116e+01 2.455502929999997974e+01 2.445502929999997832e+01 2.435502929999997690e+01 2.425502929999997548e+01 2.415502929999997406e+01 2.405502929999997264e+01 2.395502929999997122e+01 2.385502929999996979e+01 2.375502929999996837e+01
5.700000000000000000e+01 6.600000000000000000e+01 7.200000000000000000e+01 8.700000000000000000e+01 1.060000000000000000e+02 1.270000000000000000e+02 1.470000000000000000e+02 1.670000000000000000e+02 1.830000000000000000e+02 1.950000000000000000e+02 2.010000000000000000e+02 1.980000000000000000e+02 1.900000000000000000e+02 1.700000000000000000e+02 1.490000000000000000e+02 1.300000000000000000e+02 1.120000000000000000e+02 1.000000000000000000e+02 8.000000000000000000e+01 7.200000000000000000e+01
5.080200000000000000e+04 2.350200000000000000e+04 1.879900000000000000e+04 1.594600000000000000e+04 1.242200000000000000e+04 9.722000000000000000e+03 7.625000000000000000e+03 5.828000000000000000e+03 4.230000000000000000e+03 3.474000000000000000e+03 2.689000000000000000e+03 3.334000000000000000e+03 3.261000000000000000e+03 4.717000000000000000e+03 7.287000000000000000e+03 8.412000000000000000e+03 1.078900000000000000e+04 1.224100000000000000e+04 1.633300000000000000e+04 1.927800000000000000e+04
Best: 24.64194205167808
[ 27469.00383215  14860.00220816   5875.71109924]
0 pass:
2.665203857000000198e+01 2.565203857000000198e+01 2.465203857000000198e+01 2.365203857000000198e+01 2.265203857000000198e+01
3.500000000000000000e+01 5.600000000000000000e+01 2.000000000000000000e+02 5.700000000000000000e+01 0.000000000000000000e+00
1.544901000000000000e+06 5.131400000000000000e+04 2.733000000000000000e+03 5.578400000000000000e+04 0.000000000000000000e+00
1 pass:
2.565203857000000198e+01 2.555203857000000056e+01 2.545203856999999914e+01 2.535203856999999772e+01 2.525203856999999630e+01 2.515203856999999488e+01 2.505203856999999346e+01 2.495203856999999203e+01 2.485203856999999061e+01 2.475203856999998919e+01 2.465203856999998777e+01 2.455203856999998635e+01 2.445203856999998493e+01 2.435203856999998351e+01 2.425203856999998209e+01 2.415203856999998067e+01 2.405203856999997925e+01 2.395203856999997782e+01 2.385203856999997640e+01 2.375203856999997498e+01
6.000000000000000000e+01 6.500000000000000000e+01 7.300000000000000000e+01 8.600000000000000000e+01 1.040000000000000000e+02 1.260000000000000000e+02 1.450000000000000000e+02 1.640000000000000000e+02 1.770000000000000000e+02 1.970000000000000000e+02 2.000000000000000000e+02 1.990000000000000000e+02 1.950000000000000000e+02 1.770000000000000000e+02 1.560000000000000000e+02 1.400000000000000000e+02 1.190000000000000000e+02 1.050000000000000000e+02 8.800000000000000000e+01 7.100000000000000000e+01
2.439900000000000000e+04 2.410600000000000000e+04 1.865300000000000000e+04 1.597000000000000000e+04 1.227800000000000000e+04 9.761000000000000000e+03 7.668000000000000000e+03 5.773000000000000000e+03 4.928000000000000000e+03 3.447000000000000000e+03 2.740000000000000000e+03 3.310000000000000000e+03 3.244000000000000000e+03 4.663000000000000000e+03 6.317000000000000000e+03 7.278000000000000000e+03 1.083600000000000000e+04 1.222600000000000000e+04 1.628900000000000000e+04 1.942600000000000000e+04
Best: 24.61122584915209
[ 27469.00710516  14859.99605124   5875.67510376]
0 pass:
2.660903931000000000e+01 2.560903931000000000e+01 2.460903931000000000e+01 2.360903931000000000e+01 2.260903931000000000e+01
3.600000000000000000e+01 5.900000000000000000e+01 2.010000000000000000e+02 5.700000000000000000e+01 0.000000000000000000e+00
1.630171000000000000e+06 4.750500000000000000e+04 2.709000000000000000e+03 5.159400000000000000e+04 0.000000000000000000e+00
1 pass:
2.560903931000000000e+01 2.550903930999999858e+01 2.540903930999999716e+01 2.530903930999999574e+01 2.520903930999999432e+01 2.510903930999999289e+01 2.500903930999999147e+01 2.490903930999999005e+01 2.480903930999998863e+01 2.470903930999998721e+01 2.460903930999998579e+01 2.450903930999998437e+01 2.440903930999998295e+01 2.430903930999998153e+01 2.420903930999998011e+01 2.410903930999997868e+01 2.400903930999997726e+01 2.390903930999997584e+01 2.380903930999997442e+01 2.370903930999997300e+01
5.700000000000000000e+01 6.600000000000000000e+01 6.800000000000000000e+01 8.000000000000000000e+01 9.900000000000000000e+01 1.240000000000000000e+02 1.440000000000000000e+02 1.620000000000000000e+02 1.820000000000000000e+02 1.890000000000000000e+02 2.060000000000000000e+02 1.950000000000000000e+02 1.930000000000000000e+02 1.720000000000000000e+02 1.610000000000000000e+02 1.370000000000000000e+02 1.160000000000000000e+02 9.900000000000000000e+01 8.000000000000000000e+01 7.000000000000000000e+01
5.126900000000000000e+04 2.454000000000000000e+04 2.403000000000000000e+04 1.606400000000000000e+04 1.405300000000000000e+04 9.774000000000000000e+03 7.642000000000000000e+03 5.993000000000000000e+03 4.307000000000000000e+03 4.235000000000000000e+03 2.750000000000000000e+03 3.331000000000000000e+03 3.260000000000000000e+03 4.736000000000000000e+03 5.547000000000000000e+03 8.376000000000000000e+03 1.076400000000000000e+04 1.412100000000000000e+04 1.608600000000000000e+04 1.922200000000000000e+04
Best: 24.57718745814796
[ 27469.00654822  14860.00125449   5875.75139771]
0 pass:
2.658081054999999537e+01 2.558081054999999537e+01 2.458081054999999537e+01 2.358081054999999537e+01 2.258081054999999537e+01
4.000000000000000000e+01 6.500000000000000000e+01 2.020000000000000000e+02 5.000000000000000000e+01 0.000000000000000000e+00
2.944830000000000000e+05 2.406300000000000000e+04 2.623000000000000000e+03 5.729600000000000000e+04 0.000000000000000000e+00
1 pass:
2.558081054999999537e+01 2.548081054999999395e+01 2.538081054999999253e+01 2.528081054999999111e+01 2.518081054999998969e+01 2.508081054999998827e+01 2.498081054999998685e+01 2.488081054999998543e+01 2.478081054999998400e+01 2.468081054999998258e+01 2.458081054999998116e+01 2.448081054999997974e+01 2.438081054999997832e+01 2.428081054999997690e+01 2.418081054999997548e+01 2.408081054999997406e+01 2.398081054999997264e+01 2.388081054999997122e+01 2.378081054999996979e+01 2.368081054999996837e+01
6.600000000000000000e+01 7.000000000000000000e+01 8.100000000000000000e+01 1.010000000000000000e+02 1.240000000000000000e+02 1.410000000000000000e+02 1.630000000000000000e+02 1.780000000000000000e+02 1.920000000000000000e+02 1.930000000000000000e+02 1.990000000000000000e+02 1.880000000000000000e+02 1.720000000000000000e+02 1.550000000000000000e+02 1.330000000000000000e+02 1.180000000000000000e+02 1.010000000000000000e+02 8.300000000000000000e+01 7.200000000000000000e+01 5.800000000000000000e+01
2.452000000000000000e+04 1.879900000000000000e+04 1.602400000000000000e+04 1.240800000000000000e+04 9.696000000000000000e+03 7.623000000000000000e+03 5.936000000000000000e+03 5.029000000000000000e+03 3.547000000000000000e+03 3.370000000000000000e+03 3.314000000000000000e+03 3.931000000000000000e+03 4.644000000000000000e+03 6.359000000000000000e+03 8.318000000000000000e+03 1.076700000000000000e+04 1.219400000000000000e+04 1.610100000000000000e+04 1.916100000000000000e+04 5.093000000000000000e+04
Best: 24.650810550000024
[ 27469.00139838  14859.98953574   5875.7056366 ]
0 pass:
2.664691161999999736e+01 2.564691161999999736e+01 2.464691161999999736e+01 2.364691161999999736e+01 2.264691161999999736e+01
3.500000000000000000e+01 5.500000000000000000e+01 1.930000000000000000e+02 6.100000000000000000e+01 0.000000000000000000e+00
1.527986000000000000e+06 5.335900000000000000e+04 3.410000000000000000e+03 2.499000000000000000e+04 0.000000000000000000e+00
1 pass:
2.564691161999999736e+01 2.554691161999999593e+01 2.544691161999999451e+01 2.534691161999999309e+01 2.524691161999999167e+01 2.514691161999999025e+01 2.504691161999998883e+01 2.494691161999998741e+01 2.484691161999998599e+01 2.474691161999998457e+01 2.464691161999998315e+01 2.454691161999998172e+01 2.444691161999998030e+01 2.434691161999997888e+01 2.424691161999997746e+01 2.414691161999997604e+01 2.404691161999997462e+01 2.394691161999997320e+01 2.384691161999997178e+01 2.374691161999997036e+01
5.500000000000000000e+01 6.300000000000000000e+01 6.900000000000000000e+01 7.700000000000000000e+01 9.500000000000000000e+01 1.210000000000000000e+02 1.380000000000000000e+02 1.560000000000000000e+02 1.810000000000000000e+02 1.880000000000000000e+02 1.970000000000000000e+02 1.990000000000000000e+02 1.860000000000000000e+02 1.790000000000000000e+02 1.560000000000000000e+02 1.420000000000000000e+02 1.260000000000000000e+02 1.060000000000000000e+02 9.100000000000000000e+01 7.400000000000000000e+01
5.092100000000000000e+04 2.401400000000000000e+04 2.423800000000000000e+04 1.878800000000000000e+04 1.396400000000000000e+04 9.778000000000000000e+03 8.614000000000000000e+03 6.694000000000000000e+03 4.225000000000000000e+03 4.139000000000000000e+03 3.363000000000000000e+03 3.288000000000000000e+03 3.966000000000000000e+03 4.698000000000000000e+03 6.292000000000000000e+03 7.213000000000000000e+03 9.340000000000000000e+03 1.225700000000000000e+04 1.396400000000000000e+04 1.925600000000000000e+04
Best: 24.60400022759512
[ 27469.00984412  14859.98891013   5875.58381042]
0 pass:
2.660231018000000347e+01 2.560231018000000347e+01 2.460231018000000347e+01 2.360231018000000347e+01 2.260231018000000347e+01
3.600000000000000000e+01 5.900000000000000000e+01 1.950000000000000000e+02 6.800000000000000000e+01 2.900000000000000000e+01
1.580818000000000000e+06 5.315900000000000000e+04 3.398000000000000000e+03 2.489300000000000000e+04 3.719348000000000000e+06
1 pass:
2.560231018000000347e+01 2.550231018000000205e+01 2.540231018000000063e+01 2.530231017999999921e+01 2.520231017999999779e+01 2.510231017999999636e+01 2.500231017999999494e+01 2.490231017999999352e+01 2.480231017999999210e+01 2.470231017999999068e+01 2.460231017999998926e+01 2.450231017999998784e+01 2.440231017999998642e+01 2.430231017999998500e+01 2.420231017999998357e+01 2.410231017999998215e+01 2.400231017999998073e+01 2.390231017999997931e+01 2.380231017999997789e+01 2.370231017999997647e+01
5.900000000000000000e+01 5.700000000000000000e+01 6.700000000000000000e+01 7.100000000000000000e+01 8.500000000000000000e+01 1.000000000000000000e+02 1.200000000000000000e+02 1.420000000000000000e+02 1.610000000000000000e+02 1.820000000000000000e+02 1.900000000000000000e+02 2.020000000000000000e+02 1.950000000000000000e+02 1.870000000000000000e+02 1.710000000000000000e+02 1.460000000000000000e+02 1.320000000000000000e+02 1.120000000000000000e+02 9.800000000000000000e+01 8.200000000000000000e+01
5.377800000000000000e+04 5.225000000000000000e+04 2.377400000000000000e+04 1.867600000000000000e+04 1.579900000000000000e+04 1.230600000000000000e+04 9.726000000000000000e+03 7.665000000000000000e+03 5.843000000000000000e+03 4.191000000000000000e+03 3.466000000000000000e+03 2.663000000000000000e+03 3.299000000000000000e+03 3.954000000000000000e+03 4.606000000000000000e+03 7.221000000000000000e+03 8.316000000000000000e+03 1.070600000000000000e+04 1.393600000000000000e+04 1.610500000000000000e+04
Best: 24.480710179999658
[ 27468.99995642  14859.98868124   5875.59168396]
0 pass:
2.646400452000000314e+01 2.546400452000000314e+01 2.446400452000000314e+01 2.346400452000000314e+01 2.246400452000000314e+01
4.000000000000000000e+01 6.500000000000000000e+01 1.940000000000000000e+02 5.200000000000000000e+01 0.000000000000000000e+00
2.929420000000000000e+05 2.375600000000000000e+04 3.286000000000000000e+03 5.371700000000000000e+04 0.000000000000000000e+00
1 pass:
2.546400452000000314e+01 2.536400452000000172e+01 2.526400452000000030e+01 2.516400451999999888e+01 2.506400451999999746e+01 2.496400451999999603e+01 2.486400451999999461e+01 2.476400451999999319e+01 2.466400451999999177e+01 2.456400451999999035e+01 2.446400451999998893e+01 2.436400451999998751e+01 2.426400451999998609e+01 2.416400451999998467e+01 2.406400451999998324e+01 2.396400451999998182e+01 2.386400451999998040e+01 2.376400451999997898e+01 2.366400451999997756e+01 2.356400451999997614e+01
6.500000000000000000e+01 6.800000000000000000e+01 7.500000000000000000e+01 9.200000000000000000e+01 1.130000000000000000e+02 1.300000000000000000e+02 1.490000000000000000e+02 1.710000000000000000e+02 1.830000000000000000e+02 1.960000000000000000e+02 1.930000000000000000e+02 1.910000000000000000e+02 1.760000000000000000e+02 1.560000000000000000e+02 1.390000000000000000e+02 1.250000000000000000e+02 1.030000000000000000e+02 9.200000000000000000e+01 7.500000000000000000e+01 6.500000000000000000e+01
2.422200000000000000e+04 2.397700000000000000e+04 1.899800000000000000e+04 1.392300000000000000e+04 1.093700000000000000e+04 8.703000000000000000e+03 7.633000000000000000e+03 4.974000000000000000e+03 4.191000000000000000e+03 3.410000000000000000e+03 3.320000000000000000e+03 3.247000000000000000e+03 4.664000000000000000e+03 6.362000000000000000e+03 8.302000000000000000e+03 9.416000000000000000e+03 1.210700000000000000e+04 1.383000000000000000e+04 1.892000000000000000e+04 2.400000000000000000e+04
Best: 24.495132725128315
[ 27468.99350577  14860.0096163    5875.55339966]
0 pass:
2.649404907000000264e+01 2.549404907000000264e+01 2.449404907000000264e+01 2.349404907000000264e+01 2.249404907000000264e+01
3.500000000000000000e+01 5.900000000000000000e+01 1.940000000000000000e+02 5.800000000000000000e+01 0.000000000000000000e+00
1.465887000000000000e+06 4.700200000000000000e+04 3.379000000000000000e+03 5.059200000000000000e+04 0.000000000000000000e+00
1 pass:
2.549404907000000264e+01 2.539404907000000122e+01 2.529404906999999980e+01 2.519404906999999838e+01 2.509404906999999696e+01 2.499404906999999554e+01 2.489404906999999412e+01 2.479404906999999270e+01 2.469404906999999127e+01 2.459404906999998985e+01 2.449404906999998843e+01 2.439404906999998701e+01 2.429404906999998559e+01 2.419404906999998417e+01 2.409404906999998275e+01 2.399404906999998133e+01 2.389404906999997991e+01 2.379404906999997849e+01 2.369404906999997706e+01 2.359404906999997564e+01
5.700000000000000000e+01 6.500000000000000000e+01 7.100000000000000000e+01 7.900000000000000000e+01 1.010000000000000000e+02 1.240000000000000000e+02 1.440000000000000000e+02 1.630000000000000000e+02 1.790000000000000000e+02 1.910000000000000000e+02 1.920000000000000000e+02 1.970000000000000000e+02 1.930000000000000000e+02 1.710000000000000000e+02 1.600000000000000000e+02 1.400000000000000000e+02 1.130000000000000000e+02 1.010000000000000000e+02 8.900000000000000000e+01 7.400000000000000000e+01
5.109100000000000000e+04 2.353000000000000000e+04 1.868300000000000000e+04 1.842300000000000000e+04 1.218700000000000000e+04 9.704000000000000000e+03 7.646000000000000000e+03 5.755000000000000000e+03 4.962000000000000000e+03 3.420000000000000000e+03 3.432000000000000000e+03 3.279000000000000000e+03 3.237000000000000000e+03 4.635000000000000000e+03 5.371000000000000000e+03 7.225000000000000000e+03 1.063300000000000000e+04 1.211200000000000000e+04 1.599800000000000000e+04 1.904200000000000000e+04
Best: 24.45433713584352
[ 27469.01517706  14859.9915499    5875.50426636]
0 pass:
2.645204162999999653e+01 2.545204162999999653e+01 2.445204162999999653e+01 2.345204162999999653e+01 2.245204162999999653e+01
3.800000000000000000e+01 6.000000000000000000e+01 1.980000000000000000e+02 5.800000000000000000e+01 0.000000000000000000e+00
1.538092000000000000e+06 2.376100000000000000e+04 3.286000000000000000e+03 4.785600000000000000e+04 0.000000000000000000e+00
1 pass:
2.545204162999999653e+01 2.535204162999999511e+01 2.525204162999999369e+01 2.515204162999999227e+01 2.505204162999999085e+01 2.495204162999998942e+01 2.485204162999998800e+01 2.475204162999998658e+01 2.465204162999998516e+01 2.455204162999998374e+01 2.445204162999998232e+01 2.435204162999998090e+01 2.425204162999997948e+01 2.415204162999997806e+01 2.405204162999997664e+01 2.395204162999997521e+01 2.385204162999997379e+01 2.375204162999997237e+01 2.365204162999997095e+01 2.355204162999996953e+01
5.900000000000000000e+01 6.700000000000000000e+01 6.800000000000000000e+01 8.100000000000000000e+01 1.030000000000000000e+02 1.220000000000000000e+02 1.400000000000000000e+02 1.600000000000000000e+02 1.800000000000000000e+02 1.860000000000000000e+02 1.980000000000000000e+02 1.960000000000000000e+02 1.900000000000000000e+02 1.730000000000000000e+02 1.590000000000000000e+02 1.440000000000000000e+02 1.250000000000000000e+02 1.130000000000000000e+02 9.200000000000000000e+01 7.600000000000000000e+01
4.676100000000000000e+04 2.343600000000000000e+04 2.349300000000000000e+04 1.586500000000000000e+04 1.229700000000000000e+04 9.668000000000000000e+03 7.513000000000000000e+03 5.838000000000000000e+03 4.111000000000000000e+03 4.071000000000000000e+03 3.212000000000000000e+03 3.223000000000000000e+03 3.237000000000000000e+03 4.597000000000000000e+03 6.315000000000000000e+03 7.183000000000000000e+03 9.395000000000000000e+03 1.068500000000000000e+04 1.376700000000000000e+04 1.892800000000000000e+04
Best: 24.408291629999376
[ 27468.99406271  14859.98458426   5875.4527832 ]
0 pass:
2.640875244000000066e+01 2.540875244000000066e+01 2.440875244000000066e+01 2.340875244000000066e+01 2.240875244000000066e+01
3.800000000000000000e+01 6.000000000000000000e+01 2.010000000000000000e+02 5.900000000000000000e+01 0.000000000000000000e+00
1.423220000000000000e+06 2.336600000000000000e+04 2.633000000000000000e+03 4.664500000000000000e+04 0.000000000000000000e+00
1 pass:
2.540875244000000066e+01 2.530875243999999924e+01 2.520875243999999782e+01 2.510875243999999640e+01 2.500875243999999498e+01 2.490875243999999356e+01 2.480875243999999213e+01 2.470875243999999071e+01 2.460875243999998929e+01 2.450875243999998787e+01 2.440875243999998645e+01 2.430875243999998503e+01 2.420875243999998361e+01 2.410875243999998219e+01 2.400875243999998077e+01 2.390875243999997934e+01 2.380875243999997792e+01 2.370875243999997650e+01 2.360875243999997508e+01 2.350875243999997366e+01
6.300000000000000000e+01 6.600000000000000000e+01 6.800000000000000000e+01 7.600000000000000000e+01 9.000000000000000000e+01 1.110000000000000000e+02 1.340000000000000000e+02 1.580000000000000000e+02 1.710000000000000000e+02 1.790000000000000000e+02 1.970000000000000000e+02 1.950000000000000000e+02 1.900000000000000000e+02 1.750000000000000000e+02 1.580000000000000000e+02 1.430000000000000000e+02 1.280000000000000000e+02 1.090000000000000000e+02 9.400000000000000000e+01 8.200000000000000000e+01
2.337800000000000000e+04 2.346000000000000000e+04 2.323800000000000000e+04 1.848700000000000000e+04 1.378100000000000000e+04 1.079500000000000000e+04 8.586000000000000000e+03 6.642000000000000000e+03 5.000000000000000000e+03 4.896000000000000000e+03 3.335000000000000000e+03 3.258000000000000000e+03 3.194000000000000000e+03 4.643000000000000000e+03 6.279000000000000000e+03 7.219000000000000000e+03 9.352000000000000000e+03 1.212100000000000000e+04 1.383500000000000000e+04 1.599900000000000000e+04
Best: 24.3487327936345
[ 27468.99922781  14859.99746268   5875.33702454]
0 pass:
5.853099999999999454e+03 5.852099999999999454e+03 5.851099999999999454e+03 5.850099999999999454e+03 5.849099999999999454e+03
3.600000000000000000e+01 4.900000000000000000e+01 7.400000000000000000e+01 1.780000000000000000e+02 3.900000000000000000e+01
1.508424000000000000e+06 3.238080000000000000e+05 1.847600000000000000e+04 4.577000000000000000e+03 1.490488000000000000e+06
1 pass:
5.851099999999999454e+03 5.850999999999999091e+03 5.850899999999998727e+03 5.850799999999998363e+03 5.850699999999997999e+03 5.850599999999997635e+03 5.850499999999997272e+03 5.850399999999996908e+03 5.850299999999996544e+03 5.850199999999996180e+03 5.850099999999995816e+03 5.849999999999995453e+03 5.849899999999995089e+03 5.849799999999994725e+03 5.849699999999994361e+03 5.849599999999993997e+03 5.849499999999993634e+03 5.849399999999993270e+03 5.849299999999992906e+03 5.849199999999992542e+03
8.400000000000000000e+01 1.000000000000000000e+02 1.210000000000000000e+02 1.370000000000000000e+02 1.630000000000000000e+02 1.790000000000000000e+02 1.890000000000000000e+02 1.980000000000000000e+02 1.980000000000000000e+02 1.940000000000000000e+02 1.790000000000000000e+02 1.640000000000000000e+02 1.500000000000000000e+02 1.310000000000000000e+02 1.130000000000000000e+02 9.900000000000000000e+01 8.300000000000000000e+01 7.300000000000000000e+01 5.700000000000000000e+01 0.000000000000000000e+00
1.603300000000000000e+04 1.236000000000000000e+04 9.644000000000000000e+03 8.656000000000000000e+03 5.847000000000000000e+03 4.971000000000000000e+03 4.186000000000000000e+03 3.436000000000000000e+03 3.275000000000000000e+03 3.223000000000000000e+03 4.636000000000000000e+03 5.440000000000000000e+03 6.284000000000000000e+03 8.209000000000000000e+03 1.074900000000000000e+04 1.394900000000000000e+04 1.607400000000000000e+04 1.899200000000000000e+04 4.776000000000000000e+04 0.000000000000000000e+00
Best: 5850.345435684348
[ 27469.00875311  14860.0054888    5875.29133301]
0 pass:
5.852340000000000146e+03 5.851340000000000146e+03 5.850340000000000146e+03 5.849340000000000146e+03 5.848340000000000146e+03
3.900000000000000000e+01 6.100000000000000000e+01 1.950000000000000000e+02 6.300000000000000000e+01 0.000000000000000000e+00
1.568434000000000000e+06 2.363500000000000000e+04 3.336000000000000000e+03 2.437400000000000000e+04 0.000000000000000000e+00
1 pass:
5.851340000000000146e+03 5.851239999999999782e+03 5.851139999999999418e+03 5.851039999999999054e+03 5.850939999999998690e+03 5.850839999999998327e+03 5.850739999999997963e+03 5.850639999999997599e+03 5.850539999999997235e+03 5.850439999999996871e+03 5.850339999999996508e+03 5.850239999999996144e+03 5.850139999999995780e+03 5.850039999999995416e+03 5.849939999999995052e+03 5.849839999999994689e+03 5.849739999999994325e+03 5.849639999999993961e+03 5.849539999999993597e+03 5.849439999999993233e+03
6.100000000000000000e+01 6.400000000000000000e+01 7.200000000000000000e+01 8.700000000000000000e+01 1.060000000000000000e+02 1.340000000000000000e+02 1.490000000000000000e+02 1.700000000000000000e+02 1.790000000000000000e+02 1.960000000000000000e+02 1.980000000000000000e+02 1.960000000000000000e+02 1.890000000000000000e+02 1.750000000000000000e+02 1.520000000000000000e+02 1.370000000000000000e+02 1.170000000000000000e+02 1.050000000000000000e+02 9.300000000000000000e+01 7.600000000000000000e+01
2.379400000000000000e+04 2.357800000000000000e+04 1.861600000000000000e+04 1.577900000000000000e+04 1.227700000000000000e+04 8.553000000000000000e+03 7.640000000000000000e+03 4.989000000000000000e+03 4.955000000000000000e+03 3.393000000000000000e+03 3.323000000000000000e+03 3.226000000000000000e+03 3.873000000000000000e+03 4.654000000000000000e+03 6.267000000000000000e+03 8.239000000000000000e+03 1.063900000000000000e+04 1.221600000000000000e+04 1.389400000000000000e+04 1.913000000000000000e+04
Best: 5850.318395055406
[ 27469.00116187  14860.00258963   5875.32262878]
0 pass:
2.700230408000000182e+01 2.600230408000000182e+01 2.500230408000000182e+01 2.400230408000000182e+01 2.300230408000000182e+01
3.900000000000000000e+01 6.000000000000000000e+01 1.970000000000000000e+02 5.500000000000000000e+01 0.000000000000000000e+00
1.468598000000000000e+06 2.352300000000000000e+04 3.283000000000000000e+03 5.135100000000000000e+04 0.000000000000000000e+00
1 pass:
2.600230408000000182e+01 2.590230408000000040e+01 2.580230407999999898e+01 2.570230407999999755e+01 2.560230407999999613e+01 2.550230407999999471e+01 2.540230407999999329e+01 2.530230407999999187e+01 2.520230407999999045e+01 2.510230407999998903e+01 2.500230407999998761e+01 2.490230407999998619e+01 2.480230407999998476e+01 2.470230407999998334e+01 2.460230407999998192e+01 2.450230407999998050e+01 2.440230407999997908e+01 2.430230407999997766e+01 2.420230407999997624e+01 2.410230407999997482e+01
5.900000000000000000e+01 6.600000000000000000e+01 7.000000000000000000e+01 9.000000000000000000e+01 1.050000000000000000e+02 1.230000000000000000e+02 1.500000000000000000e+02 1.700000000000000000e+02 1.930000000000000000e+02 1.880000000000000000e+02 1.980000000000000000e+02 1.940000000000000000e+02 1.870000000000000000e+02 1.650000000000000000e+02 1.450000000000000000e+02 1.300000000000000000e+02 1.130000000000000000e+02 9.600000000000000000e+01 8.000000000000000000e+01 6.900000000000000000e+01
5.419700000000000000e+04 2.397600000000000000e+04 1.887800000000000000e+04 1.408000000000000000e+04 1.234200000000000000e+04 9.768000000000000000e+03 6.772000000000000000e+03 5.000000000000000000e+03 3.467000000000000000e+03 4.178000000000000000e+03 3.314000000000000000e+03 3.221000000000000000e+03 3.920000000000000000e+03 5.436000000000000000e+03 7.216000000000000000e+03 8.265000000000000000e+03 1.069900000000000000e+04 1.385200000000000000e+04 1.637300000000000000e+04 2.467800000000000000e+04
Best: 25.014281266312445
[ 27468.99553519  14859.99904196   5875.28420715]
0 pass:
2.701358032000000264e+01 2.601358032000000264e+01 2.501358032000000264e+01 2.401358032000000264e+01 2.301358032000000264e+01
3.700000000000000000e+01 5.700000000000000000e+01 1.960000000000000000e+02 5.700000000000000000e+01 0.000000000000000000e+00
1.539279000000000000e+06 4.759100000000000000e+04 3.323000000000000000e+03 5.154200000000000000e+04 0.000000000000000000e+00
1 pass:
2.601358032000000264e+01 2.591358032000000122e+01 2.581358031999999980e+01 2.571358031999999838e+01 2.561358031999999696e+01 2.551358031999999554e+01 2.541358031999999412e+01 2.531358031999999270e+01 2.521358031999999127e+01 2.511358031999998985e+01 2.501358031999998843e+01 2.491358031999998701e+01 2.481358031999998559e+01 2.471358031999998417e+01 2.461358031999998275e+01 2.451358031999998133e+01 2.441358031999997991e+01 2.431358031999997849e+01 2.421358031999997706e+01 2.411358031999997564e+01
5.800000000000000000e+01 6.500000000000000000e+01 7.000000000000000000e+01 9.000000000000000000e+01 1.010000000000000000e+02 1.130000000000000000e+02 1.300000000000000000e+02 1.610000000000000000e+02 1.770000000000000000e+02 1.920000000000000000e+02 1.950000000000000000e+02 1.970000000000000000e+02 1.860000000000000000e+02 1.710000000000000000e+02 1.570000000000000000e+02 1.330000000000000000e+02 1.210000000000000000e+02 1.020000000000000000e+02 8.800000000000000000e+01 7.100000000000000000e+01
5.311400000000000000e+04 2.392800000000000000e+04 1.870200000000000000e+04 1.404800000000000000e+04 1.222400000000000000e+04 1.088000000000000000e+04 8.616000000000000000e+03 5.801000000000000000e+03 4.970000000000000000e+03 3.492000000000000000e+03 3.310000000000000000e+03 3.267000000000000000e+03 3.910000000000000000e+03 4.619000000000000000e+03 6.355000000000000000e+03 8.350000000000000000e+03 9.463000000000000000e+03 1.216800000000000000e+04 1.625700000000000000e+04 1.940100000000000000e+04
Best: 24.985879971567872
