[ 27469.01342612  14859.99805014   5873.99909973]
0 pass:
5.868900000000000546e+03 5.867900000000000546e+03 5.866900000000000546e+03 5.865900000000000546e+03 5.864900000000000546e+03 5.863900000000000546e+03 5.862900000000000546e+03 5.861900000000000546e+03 5.860900000000000546e+03 5.859900000000000546e+03 5.858900000000000546e+03 5.857900000000000546e+03 5.856900000000000546e+03 5.855900000000000546e+03 5.854900000000000546e+03 5.853900000000000546e+03 5.852900000000000546e+03 5.851900000000000546e+03 5.850900000000000546e+03 5.849900000000000546e+03 5.848900000000000546e+03 5.847900000000000546e+03 5.846900000000000546e+03 5.845900000000000546e+03 5.844900000000000546e+03 5.843900000000000546e+03 5.842900000000000546e+03 5.841900000000000546e+03 5.840900000000000546e+03 5.839900000000000546e+03 5.838900000000000546e+03 5.837900000000000546e+03 5.836900000000000546e+03 5.835900000000000546e+03 5.834900000000000546e+03 5.833900000000000546e+03 5.832900000000000546e+03 5.831900000000000546e+03 5.830900000000000546e+03 5.829900000000000546e+03
3.000000000000000000e+01 3.000000000000000000e+01 3.000000000000000000e+01 2.900000000000000000e+01 3.100000000000000000e+01 3.000000000000000000e+01 2.900000000000000000e+01 2.900000000000000000e+01 2.900000000000000000e+01 3.000000000000000000e+01 3.000000000000000000e+01 2.900000000000000000e+01 2.900000000000000000e+01 3.000000000000000000e+01 2.900000000000000000e+01 3.000000000000000000e+01 2.900000000000000000e+01 3.100000000000000000e+01 4.200000000000000000e+01 7.900000000000000000e+01 1.770000000000000000e+02 3.500000000000000000e+01 0.000000000000000000e+00 0.000000000000000000e+00 0.000000000000000000e+00 0.000000000000000000e+00 0.000000000000000000e+00 0.000000000000000000e+00 0.000000000000000000e+00 0.000000000000000000e+00 0.000000000000000000e+00 0.000000000000000000e+00 0.000000000000000000e+00 0.000000000000000000e+00 0.000000000000000000e+00 0.000000000000000000e+00 0.000000000000000000e+00 0.000000000000000000e+00 0.000000000000000000e+00 0.000000000000000000e+00
1.730745000000000000e+06 1.712122000000000000e+06 1.729209000000000000e+06 3.710687000000000000e+06 1.602965000000000000e+06 1.685829000000000000e+06 3.807610000000000000e+06 3.816734000000000000e+06 3.765311000000000000e+06 1.693051000000000000e+06 1.681384000000000000e+06 3.749377000000000000e+06 3.793461000000000000e+06 1.660653000000000000e+06 3.777894000000000000e+06 1.678428000000000000e+06 3.803813000000000000e+06 1.591376000000000000e+06 3.054400000000000000e+05 1.881500000000000000e+04 4.795000000000000000e+03 1.581186000000000000e+06 0.000000000000000000e+00 0.000000000000000000e+00 0.000000000000000000e+00 0.000000000000000000e+00 0.000000000000000000e+00 0.000000000000000000e+00 0.000000000000000000e+00 0.000000000000000000e+00 0.000000000000000000e+00 0.000000000000000000e+00 0.000000000000000000e+00 0.000000000000000000e+00 0.000000000000000000e+00 0.000000000000000000e+00 0.000000000000000000e+00 0.000000000000000000e+00 0.000000000000000000e+00 0.000000000000000000e+00
Best: 5848.9916666692125
[ 27468.9999259   14859.99138205   5874.05638367]
0 pass:
5.851000000000000000e+03 5.850000000000000000e+03 5.849000000000000000e+03 5.848000000000000000e+03 5.847000000000000000e+03
3.600000000000000000e+01 6.900000000000000000e+01 1.850000000000000000e+02 3.900000000000000000e+01 0.000000000000000000e+00
1.732443000000000000e+06 2.427700000000000000e+04 4.095000000000000000e+03 1.752932000000000000e+06 0.000000000000000000e+00
Best: 5849.057251906299
[ 27469.00736838  14860.00107901   5874.11055908]
0 pass:
5.851059999999999491e+03 5.850059999999999491e+03 5.849059999999999491e+03 5.848059999999999491e+03 5.847059999999999491e+03
3.600000000000000000e+01 6.600000000000000000e+01 1.950000000000000000e+02 4.300000000000000000e+01 0.000000000000000000e+00
1.661513000000000000e+06 2.455100000000000000e+04 3.455000000000000000e+03 3.318450000000000000e+05 0.000000000000000000e+00
Best: 5849.100925262154
[ 27469.0115798   14860.00642722   5874.13897766]
0 pass:
5.851100000000000364e+03 5.850100000000000364e+03 5.849100000000000364e+03 5.848100000000000364e+03 5.847100000000000364e+03
3.600000000000000000e+01 6.200000000000000000e+01 1.960000000000000000e+02 4.500000000000000000e+01 0.000000000000000000e+00
1.812459000000000000e+06 2.461800000000000000e+04 3.483000000000000000e+03 3.583550000000000000e+05 0.000000000000000000e+00
Best: 5849.129824558555
[ 27469.00352698  14859.99820273   5874.16235535]
0 pass:
5.851140000000000327e+03 5.850140000000000327e+03 5.849140000000000327e+03 5.848140000000000327e+03 5.847140000000000327e+03
3.400000000000000000e+01 5.900000000000000000e+01 1.940000000000000000e+02 4.900000000000000000e+01 0.000000000000000000e+00
1.681178000000000000e+06 5.354400000000000000e+04 3.547000000000000000e+03 3.692330000000000000e+05 0.000000000000000000e+00
Best: 5849.157857141588
[ 27469.01083594  14860.00731985   5874.17259399]
0 pass:
5.851170000000000073e+03 5.850170000000000073e+03 5.849170000000000073e+03 5.848170000000000073e+03 5.847170000000000073e+03
3.400000000000000000e+01 5.800000000000000000e+01 1.900000000000000000e+02 5.500000000000000000e+01 0.000000000000000000e+00
1.778843000000000000e+06 5.625400000000000000e+04 3.570000000000000000e+03 5.524500000000000000e+04 0.000000000000000000e+00
Best: 5849.175617974343
[ 27468.99138098  14859.99624197   5874.17062561]
0 pass:
5.851170000000000073e+03 5.850170000000000073e+03 5.849170000000000073e+03 5.848170000000000073e+03 5.847170000000000073e+03
3.500000000000000000e+01 5.900000000000000000e+01 1.950000000000000000e+02 5.400000000000000000e+01 0.000000000000000000e+00
1.678629000000000000e+06 5.377100000000000000e+04 3.584000000000000000e+03 6.381400000000000000e+04 0.000000000000000000e+00
Best: 5849.179025267521
[ 27469.01722937  14860.00625937   5874.168703  ]
0 pass:
5.851170000000000073e+03 5.850170000000000073e+03 5.849170000000000073e+03 5.848170000000000073e+03 5.847170000000000073e+03
3.800000000000000000e+01 5.800000000000000000e+01 1.900000000000000000e+02 6.300000000000000000e+01 0.000000000000000000e+00
1.647422000000000000e+06 5.639200000000000000e+04 3.522000000000000000e+03 2.563800000000000000e+04 0.000000000000000000e+00
Best: 5849.160347487388
[ 27469.00690298  14860.00300925   5874.16458313]
0 pass:
5.851170000000000073e+03 5.850170000000000073e+03 5.849170000000000073e+03 5.848170000000000073e+03 5.847170000000000073e+03
3.500000000000000000e+01 6.300000000000000000e+01 1.880000000000000000e+02 6.300000000000000000e+01 3.100000000000000000e+01
1.735722000000000000e+06 2.524400000000000000e+04 4.350000000000000000e+03 2.558000000000000000e+04 1.671922000000000000e+06
Best: 5849.1699999969
[ 27468.99922781  14860.00373404   5874.18107788]
0 pass:
5.851170000000000073e+03 5.850170000000000073e+03 5.849170000000000073e+03 5.848170000000000073e+03 5.847170000000000073e+03
3.500000000000000000e+01 5.900000000000000000e+01 1.920000000000000000e+02 5.300000000000000000e+01 0.000000000000000000e+00
1.781541000000000000e+06 5.648500000000000000e+04 3.559000000000000000e+03 5.812700000000000000e+04 0.000000000000000000e+00
Best: 5849.181029408497
[ 27468.99438696  14860.01124899   5874.19423218]
0 pass:
5.851170000000000073e+03 5.850170000000000073e+03 5.849170000000000073e+03 5.848170000000000073e+03 5.847170000000000073e+03
3.600000000000000000e+01 6.400000000000000000e+01 1.930000000000000000e+02 5.300000000000000000e+01 0.000000000000000000e+00
1.776332000000000000e+06 2.514100000000000000e+04 3.609000000000000000e+03 5.914300000000000000e+04 0.000000000000000000e+00
Best: 5849.190446093248
[ 27469.00791388  14860.00142233   5874.195224  ]
0 pass:
5.851199999999999818e+03 5.850199999999999818e+03 5.849199999999999818e+03 5.848199999999999818e+03 5.847199999999999818e+03
3.700000000000000000e+01 6.000000000000000000e+01 1.900000000000000000e+02 6.200000000000000000e+01 0.000000000000000000e+00
1.738307000000000000e+06 2.500500000000000000e+04 3.637000000000000000e+03 2.595600000000000000e+04 0.000000000000000000e+00
Best: 5849.196124027582
[ 27469.00361853  14859.99127524   5874.19972534]
0 pass:
5.851199999999999818e+03 5.850199999999999818e+03 5.849199999999999818e+03 5.848199999999999818e+03 5.847199999999999818e+03
3.500000000000000000e+01 6.100000000000000000e+01 1.950000000000000000e+02 6.000000000000000000e+01 0.000000000000000000e+00
1.841919000000000000e+06 2.497200000000000000e+04 3.608000000000000000e+03 2.585500000000000000e+04 0.000000000000000000e+00
Best: 5849.201858732595
[ 27469.00572043  14859.99881308   5874.20338745]
0 pass:
5.851199999999999818e+03 5.850199999999999818e+03 5.849199999999999818e+03 5.848199999999999818e+03 5.847199999999999818e+03
3.700000000000000000e+01 6.000000000000000000e+01 1.970000000000000000e+02 5.600000000000000000e+01 0.000000000000000000e+00
1.736703000000000000e+06 2.494800000000000000e+04 3.602000000000000000e+03 5.690800000000000000e+04 0.000000000000000000e+00
Best: 5849.207194241101
[ 27468.99770575  14860.0071749    5874.22958801]
0 pass:
5.851199999999999818e+03 5.850199999999999818e+03 5.849199999999999818e+03 5.848199999999999818e+03 5.847199999999999818e+03
3.800000000000000000e+01 6.200000000000000000e+01 1.950000000000000000e+02 5.200000000000000000e+01 0.000000000000000000e+00
1.838642000000000000e+06 2.507100000000000000e+04 3.522000000000000000e+03 5.827300000000000000e+04 0.000000000000000000e+00
Best: 5849.218115938448
[ 27468.9941619   14860.00500052   5875.99468994]
0 pass:
5.867000000000000000e+03 5.866000000000000000e+03 5.865000000000000000e+03 5.864000000000000000e+03 5.863000000000000000e+03 5.862000000000000000e+03 5.861000000000000000e+03 5.860000000000000000e+03 5.859000000000000000e+03 5.858000000000000000e+03 5.857000000000000000e+03 5.856000000000000000e+03 5.855000000000000000e+03 5.854000000000000000e+03 5.853000000000000000e+03 5.852000000000000000e+03 5.851000000000000000e+03 5.850000000000000000e+03 5.849000000000000000e+03 5.848000000000000000e+03 5.847000000000000000e+03 5.846000000000000000e+03 5.845000000000000000e+03 5.844000000000000000e+03 5.843000000000000000e+03 5.842000000000000000e+03 5.841000000000000000e+03 5.840000000000000000e+03 5.839000000000000000e+03 5.838000000000000000e+03 5.837000000000000000e+03 5.836000000000000000e+03 5.835000000000000000e+03 5.834000000000000000e+03 5.833000000000000000e+03 5.832000000000000000e+03 5.831000000000000000e+03 5.830000000000000000e+03 5.829000000000000000e+03 5.828000000000000000e+03 5.827000000000000000e+03
1.000000000000000000e+01 1.200000000000000000e+01 1.000000000000000000e+01 1.100000000000000000e+01 9.000000000000000000e+00 3.000000000000000000e+01 3.100000000000000000e+01 3.100000000000000000e+01 3.100000000000000000e+01 3.000000000000000000e+01 3.000000000000000000e+01 3.000000000000000000e+01 3.100000000000000000e+01 3.200000000000000000e+01 3.800000000000000000e+01 6.100000000000000000e+01 1.990000000000000000e+02 5.000000000000000000e+01 0.000000000000000000e+00 0.000000000000000000e+00 0.000000000000000000e+00 0.000000000000000000e+00 0.000000000000000000e+00 0.000000000000000000e+00 0.000000000000000000e+00 0.000000000000000000e+00 0.000000000000000000e+00 0.000000000000000000e+00 0.000000000000000000e+00 0.000000000000000000e+00 0.000000000000000000e+00 0.000000000000000000e+00 0.000000000000000000e+00 0.000000000000000000e+00 0.000000000000000000e+00 0.000000000000000000e+00 0.000000000000000000e+00 0.000000000000000000e+00 0.000000000000000000e+00 0.000000000000000000e+00 0.000000000000000000e+00
4.770302000000000000e+06 4.795877000000000000e+06 4.771187000000000000e+06 4.780836000000000000e+06 5.021125000000000000e+06 1.757787000000000000e+06 1.662991000000000000e+06 1.851621000000000000e+06 1.834028000000000000e+06 1.822189000000000000e+06 1.725329000000000000e+06 1.693173000000000000e+06 1.752085000000000000e+06 1.839533000000000000e+06 1.882648000000000000e+06 2.528700000000000000e+04 3.456000000000000000e+03 5.878300000000000000e+04 0.000000000000000000e+00 0.000000000000000000e+00 0.000000000000000000e+00 0.000000000000000000e+00 0.000000000000000000e+00 0.000000000000000000e+00 0.000000000000000000e+00 0.000000000000000000e+00 0.000000000000000000e+00 0.000000000000000000e+00 0.000000000000000000e+00 0.000000000000000000e+00 0.000000000000000000e+00 0.000000000000000000e+00 0.000000000000000000e+00 0.000000000000000000e+00 0.000000000000000000e+00 0.000000000000000000e+00 0.000000000000000000e+00 0.000000000000000000e+00 0.000000000000000000e+00 0.000000000000000000e+00 0.000000000000000000e+00
Best: 5851.019163757672
[ 27469.00545721  14859.99537985   5876.09632263]
0 pass:
5.871000000000000000e+03 5.870000000000000000e+03 5.869000000000000000e+03 5.868000000000000000e+03 5.867000000000000000e+03 5.866000000000000000e+03 5.865000000000000000e+03 5.864000000000000000e+03 5.863000000000000000e+03 5.862000000000000000e+03 5.861000000000000000e+03 5.860000000000000000e+03 5.859000000000000000e+03 5.858000000000000000e+03 5.857000000000000000e+03 5.856000000000000000e+03 5.855000000000000000e+03 5.854000000000000000e+03 5.853000000000000000e+03 5.852000000000000000e+03 5.851000000000000000e+03 5.850000000000000000e+03 5.849000000000000000e+03 5.848000000000000000e+03 5.847000000000000000e+03 5.846000000000000000e+03 5.845000000000000000e+03 5.844000000000000000e+03 5.843000000000000000e+03 5.842000000000000000e+03 5.841000000000000000e+03 5.840000000000000000e+03 5.839000000000000000e+03 5.838000000000000000e+03 5.837000000000000000e+03 5.836000000000000000e+03 5.835000000000000000e+03 5.834000000000000000e+03 5.833000000000000000e+03 5.832000000000000000e+03 5.831000000000000000e+03
2.800000000000000000e+01 3.000000000000000000e+01 3.000000000000000000e+01 2.900000000000000000e+01 2.900000000000000000e+01 2.900000000000000000e+01 2.900000000000000000e+01 2.900000000000000000e+01 3.100000000000000000e+01 2.900000000000000000e+01 3.100000000000000000e+01 2.900000000000000000e+01 3.000000000000000000e+01 3.000000000000000000e+01 3.200000000000000000e+01 2.900000000000000000e+01 2.900000000000000000e+01 3.300000000000000000e+01 4.000000000000000000e+01 7.800000000000000000e+01 1.710000000000000000e+02 3.700000000000000000e+01 0.000000000000000000e+00 0.000000000000000000e+00 0.000000000000000000e+00 0.000000000000000000e+00 0.000000000000000000e+00 0.000000000000000000e+00 0.000000000000000000e+00 0.000000000000000000e+00 0.000000000000000000e+00 0.000000000000000000e+00 0.000000000000000000e+00 0.000000000000000000e+00 0.000000000000000000e+00 0.000000000000000000e+00 0.000000000000000000e+00 0.000000000000000000e+00 0.000000000000000000e+00 0.000000000000000000e+00 0.000000000000000000e+00
3.847094000000000000e+06 1.717132000000000000e+06 1.733025000000000000e+06 3.824535000000000000e+06 3.901950000000000000e+06 3.877432000000000000e+06 3.873326000000000000e+06 3.802595000000000000e+06 1.838368000000000000e+06 3.846280000000000000e+06 1.825380000000000000e+06 3.736603000000000000e+06 1.686044000000000000e+06 1.739940000000000000e+06 1.742265000000000000e+06 3.773083000000000000e+06 3.793185000000000000e+06 1.850094000000000000e+06 3.817440000000000000e+05 1.900300000000000000e+04 4.807000000000000000e+03 1.654031000000000000e+06 0.000000000000000000e+00 0.000000000000000000e+00 0.000000000000000000e+00 0.000000000000000000e+00 0.000000000000000000e+00 0.000000000000000000e+00 0.000000000000000000e+00 0.000000000000000000e+00 0.000000000000000000e+00 0.000000000000000000e+00 0.000000000000000000e+00 0.000000000000000000e+00 0.000000000000000000e+00 0.000000000000000000e+00 0.000000000000000000e+00 0.000000000000000000e+00 0.000000000000000000e+00 0.000000000000000000e+00 0.000000000000000000e+00
Best: 5851.090308364277
[ 27468.99845343  14859.99673026   5876.15502014]
0 pass:
5.853099999999999454e+03 5.852099999999999454e+03 5.851099999999999454e+03 5.850099999999999454e+03 5.849099999999999454e+03
3.600000000000000000e+01 7.100000000000000000e+01 1.870000000000000000e+02 4.600000000000000000e+01 0.000000000000000000e+00
1.572673000000000000e+06 1.872400000000000000e+04 4.045000000000000000e+03 3.728790000000000000e+05 0.000000000000000000e+00
Best: 5851.148638128845
[ 27469.0020278   14859.99148123   5876.19319885]
0 pass:
5.853149999999999636e+03 5.852149999999999636e+03 5.851149999999999636e+03 5.850149999999999636e+03 5.849149999999999636e+03
3.700000000000000000e+01 6.900000000000000000e+01 1.940000000000000000e+02 5.600000000000000000e+01 0.000000000000000000e+00
1.581236000000000000e+06 2.506000000000000000e+04 3.471000000000000000e+03 5.072900000000000000e+04 0.000000000000000000e+00
Best: 5851.174714823089
[ 27468.99879675  14859.99987357   5876.17407959]
0 pass:
5.853180000000000291e+03 5.852180000000000291e+03 5.851180000000000291e+03 5.850180000000000291e+03 5.849180000000000291e+03
3.900000000000000000e+01 6.200000000000000000e+01 1.960000000000000000e+02 6.300000000000000000e+01 0.000000000000000000e+00
1.672434000000000000e+06 2.434200000000000000e+04 3.403000000000000000e+03 2.507700000000000000e+04 0.000000000000000000e+00
Best: 5851.178127336483
[ 27469.00614005  14859.99530356   5876.14598694]
0 pass:
5.853180000000000291e+03 5.852180000000000291e+03 5.851180000000000291e+03 5.850180000000000291e+03 5.849180000000000291e+03
3.700000000000000000e+01 6.000000000000000000e+01 1.930000000000000000e+02 6.900000000000000000e+01 3.000000000000000000e+01
1.591888000000000000e+06 2.400000000000000000e+04 3.512000000000000000e+03 2.497000000000000000e+04 1.543857000000000000e+06
Best: 5851.162490268194
[ 27469.01270132  14860.00346701   5876.15114441]
0 pass:
5.853149999999999636e+03 5.852149999999999636e+03 5.851149999999999636e+03 5.850149999999999636e+03 5.849149999999999636e+03
3.700000000000000000e+01 6.400000000000000000e+01 1.990000000000000000e+02 6.800000000000000000e+01 3.100000000000000000e+01
1.610328000000000000e+06 2.421900000000000000e+04 3.515000000000000000e+03 2.542600000000000000e+04 1.659962000000000000e+06
Best: 5851.142481197757
[ 27469.00326758  14859.99166434   5876.12113464]
0 pass:
5.853149999999999636e+03 5.852149999999999636e+03 5.851149999999999636e+03 5.850149999999999636e+03 5.849149999999999636e+03
3.600000000000000000e+01 5.600000000000000000e+01 1.940000000000000000e+02 7.300000000000000000e+01 3.000000000000000000e+01
1.787974000000000000e+06 5.094100000000000000e+04 3.538000000000000000e+03 1.933000000000000000e+04 1.648466000000000000e+06
Best: 5851.11718146237
[ 27469.0087226   14860.00063651   5876.10099182]
0 pass:
5.853130000000000109e+03 5.852130000000000109e+03 5.851130000000000109e+03 5.850130000000000109e+03 5.849130000000000109e+03
3.500000000000000000e+01 5.800000000000000000e+01 1.940000000000000000e+02 7.500000000000000000e+01 3.100000000000000000e+01
1.677577000000000000e+06 5.497900000000000000e+04 3.503000000000000000e+03 1.953400000000000000e+04 1.593534000000000000e+06
Best: 5851.096666669144
