[ 27469.01342612  14859.99805014   5873.99909973]
0 pass:
5.868900000000000546e+03 5.867900000000000546e+03 5.866900000000000546e+03 5.865900000000000546e+03 5.864900000000000546e+03 5.863900000000000546e+03 5.862900000000000546e+03 5.861900000000000546e+03 5.860900000000000546e+03 5.859900000000000546e+03 5.858900000000000546e+03 5.857900000000000546e+03 5.856900000000000546e+03 5.855900000000000546e+03 5.854900000000000546e+03 5.853900000000000546e+03 5.852900000000000546e+03 5.851900000000000546e+03 5.850900000000000546e+03 5.849900000000000546e+03 5.848900000000000546e+03 5.847900000000000546e+03 5.846900000000000546e+03 5.845900000000000546e+03 5.844900000000000546e+03 5.843900000000000546e+03 5.842900000000000546e+03 5.841900000000000546e+03 5.840900000000000546e+03 5.839900000000000546e+03 5.838900000000000546e+03 5.837900000000000546e+03 5.836900000000000546e+03 5.835900000000000546e+03 5.834900000000000546e+03 5.833900000000000546e+03 5.832900000000000546e+03 5.831900000000000546e+03 5.830900000000000546e+03 5.829900000000000546e+03
3.000000000000000000e+01 3.000000000000000000e+01 3.000000000000000000e+01 2.900000000000000000e+01 3.100000000000000000e+01 3.000000000000000000e+01 2.900000000000000000e+01 2.900000000000000000e+01 2.900000000000000000e+01 3.000000000000000000e+01 3.000000000000000000e+01 2.900000000000000000e+01 2.900000000000000000e+01 3.000000000000000000e+01 2.900000000000000000e+01 3.000000000000000000e+01 2.900000000000000000e+01 3.100000000000000000e+01 4.200000000000000000e+01 7.900000000000000000e+01 1.770000000000000000e+02 3.500000000000000000e+01 0.000000000000000000e+00 0.000000000000000000e+00 0.000000000000000000e+00 0.000000000000000000e+00 0.000000000000000000e+00 0.000000000000000000e+00 0.000000000000000000e+00 0.000000000000000000e+00 0.000000000000000000e+00 0.000000000000000000e+00 0.000000000000000000e+00 0.000000000000000000e+00 0.000000000000000000e+00 0.000000000000000000e+00 0.000000000000000000e+00 0.000000000000000000e+00 0.000000000000000000e+00 0.000000000000000000e+00
1.730745000000000000e+06 1.712122000000000000e+06 1.729209000000000000e+06 3.710687000000000000e+06 1.602965000000000000e+06 1.685829000000000000e+06 3.807610000000000000e+06 3.816734000000000000e+06 3.765311000000000000e+06 1.693051000000000000e+06 1.681384000000000000e+06 3.749377000000000000e+06 3.793461000000000000e+06 1.660653000000000000e+06 3.777894000000000000e+06 1.678428000000000000e+06 3.803813000000000000e+06 1.591376000000000000e+06 3.054400000000000000e+05 1.881500000000000000e+04 4.795000000000000000e+03 1.581186000000000000e+06 0.000000000000000000e+00 0.000000000000000000e+00 0.000000000000000000e+00 0.000000000000000000e+00 0.000000000000000000e+00 0.000000000000000000e+00 0.000000000000000000e+00 0.000000000000000000e+00 0.000000000000000000e+00 0.000000000000000000e+00 0.000000000000000000e+00 0.000000000000000000e+00 0.000000000000000000e+00 0.000000000000000000e+00 0.000000000000000000e+00 0.000000000000000000e+00 0.000000000000000000e+00 0.000000000000000000e+00
Best: 5848.9916666692125
[ 27468.9999259   14859.99138205   5874.05638367]
0 pass:
5.851000000000000000e+03 5.850000000000000000e+03 5.849000000000000000e+03 5.848000000000000000e+03 5.847000000000000000e+03
3.600000000000000000e+01 6.900000000000000000e+01 1.850000000000000000e+02 3.900000000000000000e+01 0.000000000000000000e+00
1.732443000000000000e+06 2.427700000000000000e+04 4.095000000000000000e+03 1.752932000000000000e+06 0.000000000000000000e+00
Best: 5849.057251906299
[ 27469.00736838  14860.00107901   5874.11055908]
0 pass:
5.851059999999999491e+03 5.850059999999999491e+03 5.849059999999999491e+03 5.848059999999999491e+03 5.847059999999999491e+03
3.600000000000000000e+01 6.600000000000000000e+01 1.950000000000000000e+02 4.300000000000000000e+01 0.000000000000000000e+00
1.661513000000000000e+06 2.455100000000000000e+04 3.455000000000000000e+03 3.318450000000000000e+05 0.000000000000000000e+00
Best: 5849.100925262154
[ 27469.0115798   14860.00642722   5874.13897766]
0 pass:
5.851100000000000364e+03 5.850100000000000364e+03 5.849100000000000364e+03 5.848100000000000364e+03 5.847100000000000364e+03
3.600000000000000000e+01 6.200000000000000000e+01 1.960000000000000000e+02 4.500000000000000000e+01 0.000000000000000000e+00
1.812459000000000000e+06 2.461800000000000000e+04 3.483000000000000000e+03 3.583550000000000000e+05 0.000000000000000000e+00
Best: 5849.129824558555
[ 27469.00352698  14859.99820273   5874.16235535]
0 pass:
5.851140000000000327e+03 5.850140000000000327e+03 5.849140000000000327e+03 5.848140000000000327e+03 5.847140000000000327e+03
3.400000000000000000e+01 5.900000000000000000e+01 1.940000000000000000e+02 4.900000000000000000e+01 0.000000000000000000e+00
1.681178000000000000e+06 5.354400000000000000e+04 3.547000000000000000e+03 3.692330000000000000e+05 0.000000000000000000e+00
Best: 5849.157857141588
[ 27469.01083594  14860.00731985   5874.17259399]
0 pass:
5.851170000000000073e+03 5.850170000000000073e+03 5.849170000000000073e+03 5.848170000000000073e+03 5.847170000000000073e+03
3.400000000000000000e+01 5.800000000000000000e+01 1.900000000000000000e+02 5.500000000000000000e+01 0.000000000000000000e+00
1.778843000000000000e+06 5.625400000000000000e+04 3.570000000000000000e+03 5.524500000000000000e+04 0.000000000000000000e+00
Best: 5849.175617974343
[ 27468.99138098  14859.99624197   5874.17062561]
0 pass:
5.851170000000000073e+03 5.850170000000000073e+03 5.849170000000000073e+03 5.848170000000000073e+03 5.847170000000000073e+03
3.500000000000000000e+01 5.900000000000000000e+01 1.950000000000000000e+02 5.400000000000000000e+01 0.000000000000000000e+00
1.678629000000000000e+06 5.377100000000000000e+04 3.584000000000000000e+03 6.381400000000000000e+04 0.000000000000000000e+00
Best: 5849.179025267521
[ 27469.01722937  14860.00625937   5874.168703  ]
0 pass:
5.851170000000000073e+03 5.850170000000000073e+03 5.849170000000000073e+03 5.848170000000000073e+03 5.847170000000000073e+03
3.800000000000000000e+01 5.800000000000000000e+01 1.900000000000000000e+02 6.300000000000000000e+01 0.000000000000000000e+00
1.647422000000000000e+06 5.639200000000000000e+04 3.522000000000000000e+03 2.563800000000000000e+04 0.000000000000000000e+00
Best: 5849.160347487388
[ 27469.00690298  14860.00300925   5874.16458313]
0 pass:
5.851170000000000073e+03 5.850170000000000073e+03 5.849170000000000073e+03 5.848170000000000073e+03 5.847170000000000073e+03
3.500000000000000000e+01 6.300000000000000000e+01 1.880000000000000000e+02 6.300000000000000000e+01 3.100000000000000000e+01
1.735722000000000000e+06 2.524400000000000000e+04 4.350000000000000000e+03 2.558000000000000000e+04 1.671922000000000000e+06
Best: 5849.1699999969
[ 27468.99922781  14860.00373404   5874.18107788]
0 pass:
5.851170000000000073e+03 5.850170000000000073e+03 5.849170000000000073e+03 5.848170000000000073e+03 5.847170000000000073e+03
3.500000000000000000e+01 5.900000000000000000e+01 1.920000000000000000e+02 5.300000000000000000e+01 0.000000000000000000e+00
1.781541000000000000e+06 5.648500000000000000e+04 3.559000000000000000e+03 5.812700000000000000e+04 0.000000000000000000e+00
Best: 5849.181029408497
[ 27468.99438696  14860.01124899   5874.19423218]
0 pass:
5.851170000000000073e+03 5.850170000000000073e+03 5.849170000000000073e+03 5.848170000000000073e+03 5.847170000000000073e+03
3.600000000000000000e+01 6.400000000000000000e+01 1.930000000000000000e+02 5.300000000000000000e+01 0.000000000000000000e+00
1.776332000000000000e+06 2.514100000000000000e+04 3.609000000000000000e+03 5.914300000000000000e+04 0.000000000000000000e+00
Best: 5849.190446093248
[ 27469.00791388  14860.00142233   5874.195224  ]
0 pass:
5.851199999999999818e+03 5.850199999999999818e+03 5.849199999999999818e+03 5.848199999999999818e+03 5.847199999999999818e+03
3.700000000000000000e+01 6.000000000000000000e+01 1.900000000000000000e+02 6.200000000000000000e+01 0.000000000000000000e+00
1.738307000000000000e+06 2.500500000000000000e+04 3.637000000000000000e+03 2.595600000000000000e+04 0.000000000000000000e+00
Best: 5849.196124027582
[ 27469.00361853  14859.99127524   5874.19972534]
0 pass:
5.851199999999999818e+03 5.850199999999999818e+03 5.849199999999999818e+03 5.848199999999999818e+03 5.847199999999999818e+03
3.500000000000000000e+01 6.100000000000000000e+01 1.950000000000000000e+02 6.000000000000000000e+01 0.000000000000000000e+00
1.841919000000000000e+06 2.497200000000000000e+04 3.608000000000000000e+03 2.585500000000000000e+04 0.000000000000000000e+00
Best: 5849.201858732595
[ 27469.00572043  14859.99881308   5874.20338745]
0 pass:
5.851199999999999818e+03 5.850199999999999818e+03 5.849199999999999818e+03 5.848199999999999818e+03 5.847199999999999818e+03
3.700000000000000000e+01 6.000000000000000000e+01 1.970000000000000000e+02 5.600000000000000000e+01 0.000000000000000000e+00
1.736703000000000000e+06 2.494800000000000000e+04 3.602000000000000000e+03 5.690800000000000000e+04 0.000000000000000000e+00
Best: 5849.207194241101
[ 27468.99770575  14860.0071749    5874.22958801]
0 pass:
5.851199999999999818e+03 5.850199999999999818e+03 5.849199999999999818e+03 5.848199999999999818e+03 5.847199999999999818e+03
3.800000000000000000e+01 6.200000000000000000e+01 1.950000000000000000e+02 5.200000000000000000e+01 0.000000000000000000e+00
1.838642000000000000e+06 2.507100000000000000e+04 3.522000000000000000e+03 5.827300000000000000e+04 0.000000000000000000e+00
Best: 5849.218115938448
