[ 31999.00260764  12174.00018259   6636.00480988]
0 pass:
2.699990081999999347e+01 2.599990081999999347e+01 2.499990081999999347e+01 2.399990081999999347e+01 2.299990081999999347e+01
5.700000000000000000e+01 7.700000000000000000e+01 1.460000000000000000e+02 1.250000000000000000e+02 3.100000000000000000e+01
5.766500000000000000e+04 1.989900000000000000e+04 7.678000000000000000e+03 9.418000000000000000e+03 1.477681000000000000e+06
Best: 24.733234153333328
[ 31999.00536948  12174.00151773   6635.98382904]
0 pass:
2.673136139000000355e+01 2.573136139000000355e+01 2.473136139000000355e+01 2.373136139000000355e+01 2.273136139000000355e+01
3.600000000000000000e+01 6.400000000000000000e+01 2.110000000000000000e+02 7.500000000000000000e+01 3.000000000000000000e+01
1.421286000000000000e+06 2.446000000000000000e+04 2.279000000000000000e+03 1.926500000000000000e+04 1.550953000000000000e+06
Best: 24.71192676102475
[ 31998.99879294  12174.00473734   6635.95544769]
0 pass:
2.670560455000000388e+01 2.570560455000000388e+01 2.470560455000000388e+01 2.370560455000000388e+01 2.270560455000000388e+01
3.500000000000000000e+01 5.800000000000000000e+01 2.050000000000000000e+02 7.100000000000000000e+01 3.000000000000000000e+01
1.607049000000000000e+06 4.918700000000000000e+04 2.752000000000000000e+03 1.911800000000000000e+04 1.585095000000000000e+06
Best: 24.682472877402155
[ 31998.98979788  12174.00050302   6635.94427826]
0 pass:
2.668538666000000603e+01 2.568538666000000603e+01 2.468538666000000603e+01 2.368538666000000603e+01 2.268538666000000603e+01
3.800000000000000000e+01 5.700000000000000000e+01 2.150000000000000000e+02 7.000000000000000000e+01 0.000000000000000000e+00
1.487921000000000000e+06 5.179500000000000000e+04 2.244000000000000000e+03 1.929300000000000000e+04 0.000000000000000000e+00
Best: 24.663934514785453
[ 31999.02009039  12173.99932809   6635.92157318]
0 pass:
2.665392303000000140e+01 2.565392303000000140e+01 2.465392303000000140e+01 2.365392303000000140e+01 2.265392303000000140e+01
3.600000000000000000e+01 6.000000000000000000e+01 2.100000000000000000e+02 6.200000000000000000e+01 0.000000000000000000e+00
1.440670000000000000e+06 2.392500000000000000e+04 2.207000000000000000e+03 2.478400000000000000e+04 0.000000000000000000e+00
Best: 24.65056732530185
[ 31999.00202399  12174.00320383   6635.92766144]
0 pass:
2.664952850000000240e+01 2.564952850000000240e+01 2.464952850000000240e+01 2.364952850000000240e+01 2.264952850000000240e+01
3.700000000000000000e+01 6.300000000000000000e+01 2.190000000000000000e+02 6.400000000000000000e+01 0.000000000000000000e+00
1.478459000000000000e+06 2.441800000000000000e+04 2.222000000000000000e+03 2.506000000000000000e+04 0.000000000000000000e+00
Best: 24.64792078295805
[ 31999.00746756  12174.00303598   6635.91270782]
0 pass:
2.663751983999999595e+01 2.563751983999999595e+01 2.463751983999999595e+01 2.363751983999999595e+01 2.263751983999999595e+01
3.800000000000000000e+01 6.700000000000000000e+01 2.120000000000000000e+02 6.100000000000000000e+01 0.000000000000000000e+00
1.416817000000000000e+06 2.441600000000000000e+04 2.226000000000000000e+03 2.521400000000000000e+04 0.000000000000000000e+00
Best: 24.647654975135183
[ 31999.00700598  12174.01029916   6635.93400909]
0 pass:
2.665373993000000041e+01 2.565373993000000041e+01 2.465373993000000041e+01 2.365373993000000041e+01 2.265373993000000041e+01
3.900000000000000000e+01 6.300000000000000000e+01 2.140000000000000000e+02 6.200000000000000000e+01 0.000000000000000000e+00
1.628383000000000000e+06 2.495900000000000000e+04 2.206000000000000000e+03 2.532300000000000000e+04 0.000000000000000000e+00
Best: 24.655390095016575
[ 31998.98932867  12174.00131937   6635.92096283]
0 pass:
2.666062164000000223e+01 2.566062164000000223e+01 2.466062164000000223e+01 2.366062164000000223e+01 2.266062164000000223e+01
3.800000000000000000e+01 6.100000000000000000e+01 2.100000000000000000e+02 6.500000000000000000e+01 0.000000000000000000e+00
1.502754000000000000e+06 2.390400000000000000e+04 2.203000000000000000e+03 2.477500000000000000e+04 0.000000000000000000e+00
Best: 24.653818918911533
[ 31999.00483923  12174.01000925   6635.8923526 ]
0 pass:
2.664833831999999347e+01 2.564833831999999347e+01 2.464833831999999347e+01 2.364833831999999347e+01 2.264833831999999347e+01
3.800000000000000000e+01 6.000000000000000000e+01 2.110000000000000000e+02 6.900000000000000000e+01 0.000000000000000000e+00
1.531675000000000000e+06 2.444300000000000000e+04 2.217000000000000000e+03 2.489200000000000000e+04 0.000000000000000000e+00
Best: 24.63297995822528
[ 31998.99612265  12173.99906107   6635.90471222]
0 pass:
2.662648772999999380e+01 2.562648772999999380e+01 2.462648772999999380e+01 2.362648772999999380e+01 2.262648772999999380e+01
3.700000000000000000e+01 6.500000000000000000e+01 2.110000000000000000e+02 5.800000000000000000e+01 0.000000000000000000e+00
1.532023000000000000e+06 2.421600000000000000e+04 2.073000000000000000e+03 4.747600000000000000e+04 0.000000000000000000e+00
Best: 24.638193415618755
[ 31999.00554114  12174.0131373    6635.91376068]
0 pass:
2.663690947999999992e+01 2.563690947999999992e+01 2.463690947999999992e+01 2.363690947999999992e+01 2.263690947999999992e+01
3.900000000000000000e+01 6.200000000000000000e+01 2.150000000000000000e+02 6.000000000000000000e+01 0.000000000000000000e+00
1.383096000000000000e+06 2.441600000000000000e+04 2.166000000000000000e+03 2.504600000000000000e+04 0.000000000000000000e+00
Best: 24.640156233246742
[ 31999.00256186  12173.99838205   6635.90785553]
0 pass:
2.664360809000000074e+01 2.564360809000000074e+01 2.464360809000000074e+01 2.364360809000000074e+01 2.264360809000000074e+01
3.600000000000000000e+01 6.200000000000000000e+01 2.150000000000000000e+02 6.000000000000000000e+01 0.000000000000000000e+00
1.563979000000000000e+06 2.430900000000000000e+04 2.206000000000000000e+03 2.489200000000000000e+04 0.000000000000000000e+00
Best: 24.646854843246736
[ 31999.00075369  12174.00360056   6635.93024017]
0 pass:
2.664760590000000207e+01 2.564760590000000207e+01 2.464760590000000207e+01 2.364760590000000207e+01 2.264760590000000207e+01
3.900000000000000000e+01 6.600000000000000000e+01 2.100000000000000000e+02 6.100000000000000000e+01 0.000000000000000000e+00
1.489700000000000000e+06 2.385200000000000000e+04 2.136000000000000000e+03 2.508200000000000000e+04 0.000000000000000000e+00
Best: 24.65613832320805
[ 31999.00393896  12174.01174112   6635.91696503]
0 pass:
2.665139007999999876e+01 2.565139007999999876e+01 2.465139007999999876e+01 2.365139007999999876e+01 2.265139007999999876e+01
3.900000000000000000e+01 6.300000000000000000e+01 2.100000000000000000e+02 6.300000000000000000e+01 0.000000000000000000e+00
1.480561000000000000e+06 2.345500000000000000e+04 2.217000000000000000e+03 2.492400000000000000e+04 0.000000000000000000e+00
Best: 24.651390079999974
[ 31999.01337271  12174.00033517   6635.94145538]
0 pass:
2.665464020000000289e+01 2.565464020000000289e+01 2.465464020000000289e+01 2.365464020000000289e+01 2.265464020000000289e+01
3.600000000000000000e+01 6.400000000000000000e+01 2.170000000000000000e+02 6.100000000000000000e+01 0.000000000000000000e+00
1.580971000000000000e+06 2.419700000000000000e+04 2.146000000000000000e+03 2.462600000000000000e+04 0.000000000000000000e+00
Best: 24.659494568931997
[ 31998.99612265  12173.9955134    6635.95047333]
0 pass:
2.666687774999999760e+01 2.566687774999999760e+01 2.466687774999999760e+01 2.366687774999999760e+01 2.266687774999999760e+01
3.600000000000000000e+01 6.400000000000000000e+01 2.090000000000000000e+02 6.400000000000000000e+01 0.000000000000000000e+00
1.477810000000000000e+06 2.416100000000000000e+04 2.789000000000000000e+03 2.458100000000000000e+04 0.000000000000000000e+00
Best: 24.66687775000003
[ 31999.01398688  12174.0080256    6635.91890289]
0 pass:
2.666745758000000421e+01 2.566745758000000421e+01 2.466745758000000421e+01 2.366745758000000421e+01 2.266745758000000421e+01
3.700000000000000000e+01 6.200000000000000000e+01 2.100000000000000000e+02 6.300000000000000000e+01 0.000000000000000000e+00
1.460972000000000000e+06 2.416000000000000000e+04 2.139000000000000000e+03 2.496000000000000000e+04 0.000000000000000000e+00
1 pass:
2.566745758000000421e+01 2.556745758000000279e+01 2.546745758000000137e+01 2.536745757999999995e+01 2.526745757999999853e+01 2.516745757999999711e+01 2.506745757999999569e+01 2.496745757999999427e+01 2.486745757999999284e+01 2.476745757999999142e+01 2.466745757999999000e+01 2.456745757999998858e+01 2.446745757999998716e+01 2.436745757999998574e+01 2.426745757999998432e+01 2.416745757999998290e+01 2.406745757999998148e+01 2.396745757999998006e+01 2.386745757999997863e+01 2.376745757999997721e+01
6.500000000000000000e+01 6.900000000000000000e+01 7.400000000000000000e+01 8.000000000000000000e+01 1.010000000000000000e+02 1.240000000000000000e+02 1.460000000000000000e+02 1.740000000000000000e+02 1.950000000000000000e+02 2.070000000000000000e+02 2.150000000000000000e+02 2.120000000000000000e+02 1.980000000000000000e+02 1.800000000000000000e+02 1.590000000000000000e+02 1.420000000000000000e+02 1.290000000000000000e+02 1.080000000000000000e+02 9.300000000000000000e+01 7.600000000000000000e+01
2.438400000000000000e+04 2.357300000000000000e+04 1.885800000000000000e+04 1.625800000000000000e+04 1.251200000000000000e+04 9.919000000000000000e+03 7.753000000000000000e+03 5.107000000000000000e+03 3.560000000000000000e+03 2.877000000000000000e+03 2.218000000000000000e+03 2.089000000000000000e+03 3.316000000000000000e+03 4.019000000000000000e+03 6.480000000000000000e+03 7.389000000000000000e+03 9.557000000000000000e+03 1.228700000000000000e+04 1.397000000000000000e+04 1.922100000000000000e+04
Best: 24.654921556945418
[ 31999.01017981  12174.01071115   6635.94644501]
0 pass:
2.665445708999999397e+01 2.565445708999999397e+01 2.465445708999999397e+01 2.365445708999999397e+01 2.265445708999999397e+01
3.800000000000000000e+01 6.400000000000000000e+01 2.130000000000000000e+02 6.000000000000000000e+01 0.000000000000000000e+00
1.582669000000000000e+06 2.417700000000000000e+04 2.245000000000000000e+03 2.519900000000000000e+04 0.000000000000000000e+00
1 pass:
2.565445708999999397e+01 2.555445708999999255e+01 2.545445708999999113e+01 2.535445708999998971e+01 2.525445708999998828e+01 2.515445708999998686e+01 2.505445708999998544e+01 2.495445708999998402e+01 2.485445708999998260e+01 2.475445708999998118e+01 2.465445708999997976e+01 2.455445708999997834e+01 2.445445708999997692e+01 2.435445708999997549e+01 2.425445708999997407e+01 2.415445708999997265e+01 2.405445708999997123e+01 2.395445708999996981e+01 2.385445708999996839e+01 2.375445708999996697e+01
6.600000000000000000e+01 6.800000000000000000e+01 7.300000000000000000e+01 8.700000000000000000e+01 1.060000000000000000e+02 1.350000000000000000e+02 1.520000000000000000e+02 1.850000000000000000e+02 1.980000000000000000e+02 2.090000000000000000e+02 2.120000000000000000e+02 2.070000000000000000e+02 1.980000000000000000e+02 1.750000000000000000e+02 1.590000000000000000e+02 1.400000000000000000e+02 1.220000000000000000e+02 1.030000000000000000e+02 8.700000000000000000e+01 7.400000000000000000e+01
2.406500000000000000e+04 2.436300000000000000e+04 1.901800000000000000e+04 1.619500000000000000e+04 1.248800000000000000e+04 8.788000000000000000e+03 6.857000000000000000e+03 4.372000000000000000e+03 3.562000000000000000e+03 2.814000000000000000e+03 2.160000000000000000e+03 2.702000000000000000e+03 3.394000000000000000e+03 4.807000000000000000e+03 6.535000000000000000e+03 7.405000000000000000e+03 9.602000000000000000e+03 1.240800000000000000e+04 1.613300000000000000e+04 1.935300000000000000e+04
Best: 24.670673306216152
[ 31998.99888831  12174.00717874   6635.94595673]
0 pass:
2.666217804000000058e+01 2.566217804000000058e+01 2.466217804000000058e+01 2.366217804000000058e+01 2.266217804000000058e+01
3.900000000000000000e+01 6.400000000000000000e+01 2.150000000000000000e+02 5.700000000000000000e+01 0.000000000000000000e+00
1.547357000000000000e+06 2.417100000000000000e+04 2.256000000000000000e+03 4.958400000000000000e+04 0.000000000000000000e+00
1 pass:
2.566217804000000058e+01 2.556217803999999916e+01 2.546217803999999774e+01 2.536217803999999632e+01 2.526217803999999489e+01 2.516217803999999347e+01 2.506217803999999205e+01 2.496217803999999063e+01 2.486217803999998921e+01 2.476217803999998779e+01 2.466217803999998637e+01 2.456217803999998495e+01 2.446217803999998353e+01 2.436217803999998210e+01 2.426217803999998068e+01 2.416217803999997926e+01 2.406217803999997784e+01 2.396217803999997642e+01 2.386217803999997500e+01 2.376217803999997358e+01
6.600000000000000000e+01 7.300000000000000000e+01 7.900000000000000000e+01 9.600000000000000000e+01 1.180000000000000000e+02 1.430000000000000000e+02 1.600000000000000000e+02 1.790000000000000000e+02 2.030000000000000000e+02 2.090000000000000000e+02 2.100000000000000000e+02 2.050000000000000000e+02 1.920000000000000000e+02 1.720000000000000000e+02 1.590000000000000000e+02 1.350000000000000000e+02 1.160000000000000000e+02 9.900000000000000000e+01 8.600000000000000000e+01 7.000000000000000000e+01
2.436800000000000000e+04 1.920000000000000000e+04 1.889800000000000000e+04 1.412400000000000000e+04 1.101500000000000000e+04 7.718000000000000000e+03 5.973000000000000000e+03 5.057000000000000000e+03 2.896000000000000000e+03 2.851000000000000000e+03 2.159000000000000000e+03 2.624000000000000000e+03 3.284000000000000000e+03 4.748000000000000000e+03 6.389000000000000000e+03 8.371000000000000000e+03 1.086800000000000000e+04 1.402700000000000000e+04 1.623000000000000000e+04 1.943100000000000000e+04
Best: 24.683737673027885
[ 31998.99643546  12174.00840707   6636.02795746]
0 pass:
2.668268584999999860e+01 2.568268584999999860e+01 2.468268584999999860e+01 2.368268584999999860e+01 2.268268584999999860e+01
3.800000000000000000e+01 6.700000000000000000e+01 2.130000000000000000e+02 5.600000000000000000e+01 0.000000000000000000e+00
1.563704000000000000e+06 2.379800000000000000e+04 2.192000000000000000e+03 5.392200000000000000e+04 0.000000000000000000e+00
1 pass:
2.568268584999999860e+01 2.558268584999999717e+01 2.548268584999999575e+01 2.538268584999999433e+01 2.528268584999999291e+01 2.518268584999999149e+01 2.508268584999999007e+01 2.498268584999998865e+01 2.488268584999998723e+01 2.478268584999998581e+01 2.468268584999998438e+01 2.458268584999998296e+01 2.448268584999998154e+01 2.438268584999998012e+01 2.428268584999997870e+01 2.418268584999997728e+01 2.408268584999997586e+01 2.398268584999997444e+01 2.388268584999997302e+01 2.378268584999997159e+01
6.500000000000000000e+01 7.100000000000000000e+01 7.900000000000000000e+01 9.700000000000000000e+01 1.150000000000000000e+02 1.470000000000000000e+02 1.650000000000000000e+02 1.910000000000000000e+02 2.040000000000000000e+02 2.140000000000000000e+02 2.150000000000000000e+02 2.030000000000000000e+02 1.790000000000000000e+02 1.680000000000000000e+02 1.450000000000000000e+02 1.290000000000000000e+02 1.150000000000000000e+02 1.000000000000000000e+02 8.100000000000000000e+01 6.400000000000000000e+01
2.457600000000000000e+04 1.907900000000000000e+04 1.899800000000000000e+04 1.424200000000000000e+04 1.115500000000000000e+04 7.788000000000000000e+03 5.965000000000000000e+03 3.678000000000000000e+03 2.914000000000000000e+03 2.234000000000000000e+03 2.156000000000000000e+03 2.656000000000000000e+03 4.688000000000000000e+03 5.585000000000000000e+03 7.387000000000000000e+03 9.421000000000000000e+03 1.078700000000000000e+04 1.225400000000000000e+04 1.641800000000000000e+04 2.454500000000000000e+04
Best: 24.750854348168744
[ 31999.00502615  12173.99802347   6636.16136505]
0 pass:
2.675252532999999744e+01 2.575252532999999744e+01 2.475252532999999744e+01 2.375252532999999744e+01 2.275252532999999744e+01
3.800000000000000000e+01 6.900000000000000000e+01 2.140000000000000000e+02 5.000000000000000000e+01 0.000000000000000000e+00
1.517293000000000000e+06 2.384000000000000000e+04 2.180000000000000000e+03 5.218700000000000000e+04 0.000000000000000000e+00
1 pass:
2.575252532999999744e+01 2.565252532999999602e+01 2.555252532999999460e+01 2.545252532999999318e+01 2.535252532999999175e+01 2.525252532999999033e+01 2.515252532999998891e+01 2.505252532999998749e+01 2.495252532999998607e+01 2.485252532999998465e+01 2.475252532999998323e+01 2.465252532999998181e+01 2.455252532999998039e+01 2.445252532999997896e+01 2.435252532999997754e+01 2.425252532999997612e+01 2.415252532999997470e+01 2.405252532999997328e+01 2.395252532999997186e+01 2.385252532999997044e+01
6.800000000000000000e+01 7.800000000000000000e+01 9.300000000000000000e+01 1.170000000000000000e+02 1.390000000000000000e+02 1.620000000000000000e+02 1.840000000000000000e+02 2.090000000000000000e+02 2.130000000000000000e+02 2.170000000000000000e+02 2.100000000000000000e+02 1.930000000000000000e+02 1.730000000000000000e+02 1.550000000000000000e+02 1.330000000000000000e+02 1.190000000000000000e+02 1.030000000000000000e+02 8.600000000000000000e+01 7.100000000000000000e+01 0.000000000000000000e+00
2.395000000000000000e+04 1.909900000000000000e+04 1.427900000000000000e+04 1.117600000000000000e+04 8.769000000000000000e+03 5.961000000000000000e+03 4.345000000000000000e+03 2.986000000000000000e+03 2.293000000000000000e+03 2.247000000000000000e+03 2.171000000000000000e+03 3.289000000000000000e+03 4.807000000000000000e+03 6.551000000000000000e+03 8.456000000000000000e+03 1.087400000000000000e+04 1.231000000000000000e+04 1.647100000000000000e+04 1.948800000000000000e+04 0.000000000000000000e+00
Best: 24.886147377244296
[ 31999.01096945  12174.00622507   6636.17927887]
0 pass:
2.689450836000000322e+01 2.589450836000000322e+01 2.489450836000000322e+01 2.389450836000000322e+01 2.289450836000000322e+01
3.800000000000000000e+01 6.200000000000000000e+01 2.180000000000000000e+02 6.100000000000000000e+01 0.000000000000000000e+00
1.557916000000000000e+06 2.420700000000000000e+04 2.253000000000000000e+03 2.547800000000000000e+04 0.000000000000000000e+00
1 pass:
2.589450836000000322e+01 2.579450836000000180e+01 2.569450836000000038e+01 2.559450835999999896e+01 2.549450835999999754e+01 2.539450835999999612e+01 2.529450835999999470e+01 2.519450835999999327e+01 2.509450835999999185e+01 2.499450835999999043e+01 2.489450835999998901e+01 2.479450835999998759e+01 2.469450835999998617e+01 2.459450835999998475e+01 2.449450835999998333e+01 2.439450835999998191e+01 2.429450835999998048e+01 2.419450835999997906e+01 2.409450835999997764e+01 2.399450835999997622e+01
6.500000000000000000e+01 6.800000000000000000e+01 7.500000000000000000e+01 8.800000000000000000e+01 1.140000000000000000e+02 1.330000000000000000e+02 1.630000000000000000e+02 1.720000000000000000e+02 2.000000000000000000e+02 2.140000000000000000e+02 2.150000000000000000e+02 2.090000000000000000e+02 1.980000000000000000e+02 1.790000000000000000e+02 1.620000000000000000e+02 1.410000000000000000e+02 1.240000000000000000e+02 1.050000000000000000e+02 9.000000000000000000e+01 7.600000000000000000e+01
2.406700000000000000e+04 2.438200000000000000e+04 1.903600000000000000e+04 1.617000000000000000e+04 1.111900000000000000e+04 8.740000000000000000e+03 5.982000000000000000e+03 5.140000000000000000e+03 2.990000000000000000e+03 2.348000000000000000e+03 2.236000000000000000e+03 2.768000000000000000e+03 3.334000000000000000e+03 4.778000000000000000e+03 5.633000000000000000e+03 7.421000000000000000e+03 9.590000000000000000e+03 1.231400000000000000e+04 1.418800000000000000e+04 1.947600000000000000e+04
Best: 24.904226669859888
[ 31999.0039733   12174.00907083   6636.25447418]
0 pass:
2.689876556000000107e+01 2.589876556000000107e+01 2.489876556000000107e+01 2.389876556000000107e+01 2.289876556000000107e+01
3.700000000000000000e+01 6.900000000000000000e+01 2.100000000000000000e+02 5.300000000000000000e+01 0.000000000000000000e+00
1.579015000000000000e+06 2.405400000000000000e+04 2.191000000000000000e+03 5.275900000000000000e+04 0.000000000000000000e+00
1 pass:
2.589876556000000107e+01 2.579876555999999965e+01 2.569876555999999823e+01 2.559876555999999681e+01 2.549876555999999539e+01 2.539876555999999397e+01 2.529876555999999255e+01 2.519876555999999113e+01 2.509876555999998970e+01 2.499876555999998828e+01 2.489876555999998686e+01 2.479876555999998544e+01 2.469876555999998402e+01 2.459876555999998260e+01 2.449876555999998118e+01 2.439876555999997976e+01 2.429876555999997834e+01 2.419876555999997692e+01 2.409876555999997549e+01 2.399876555999997407e+01
7.200000000000000000e+01 7.400000000000000000e+01 9.300000000000000000e+01 1.090000000000000000e+02 1.300000000000000000e+02 1.530000000000000000e+02 1.760000000000000000e+02 1.980000000000000000e+02 2.110000000000000000e+02 2.160000000000000000e+02 2.160000000000000000e+02 1.960000000000000000e+02 1.800000000000000000e+02 1.620000000000000000e+02 1.460000000000000000e+02 1.240000000000000000e+02 1.110000000000000000e+02 9.200000000000000000e+01 7.700000000000000000e+01 6.300000000000000000e+01
1.909200000000000000e+04 1.893800000000000000e+04 1.417000000000000000e+04 1.244500000000000000e+04 8.778000000000000000e+03 6.741000000000000000e+03 5.173000000000000000e+03 3.684000000000000000e+03 2.305000000000000000e+03 2.167000000000000000e+03 2.191000000000000000e+03 3.317000000000000000e+03 3.988000000000000000e+03 5.557000000000000000e+03 7.436000000000000000e+03 9.586000000000000000e+03 1.098700000000000000e+04 1.422400000000000000e+04 1.937200000000000000e+04 2.523800000000000000e+04
Best: 24.993423094246776
[ 31999.00589209  12173.99994608   6636.31863739]
0 pass:
2.699529266000000405e+01 2.599529266000000405e+01 2.499529266000000405e+01 2.399529266000000405e+01 2.299529266000000405e+01
3.900000000000000000e+01 6.900000000000000000e+01 2.120000000000000000e+02 5.600000000000000000e+01 0.000000000000000000e+00
1.457647000000000000e+06 2.444100000000000000e+04 2.204000000000000000e+03 5.114200000000000000e+04 0.000000000000000000e+00
1 pass:
2.599529266000000405e+01 2.589529266000000263e+01 2.579529266000000121e+01 2.569529265999999978e+01 2.559529265999999836e+01 2.549529265999999694e+01 2.539529265999999552e+01 2.529529265999999410e+01 2.519529265999999268e+01 2.509529265999999126e+01 2.499529265999998984e+01 2.489529265999998842e+01 2.479529265999998699e+01 2.469529265999998557e+01 2.459529265999998415e+01 2.449529265999998273e+01 2.439529265999998131e+01 2.429529265999997989e+01 2.419529265999997847e+01 2.409529265999997705e+01
7.000000000000000000e+01 7.300000000000000000e+01 8.100000000000000000e+01 1.030000000000000000e+02 1.250000000000000000e+02 1.530000000000000000e+02 1.770000000000000000e+02 1.870000000000000000e+02 2.070000000000000000e+02 2.230000000000000000e+02 2.230000000000000000e+02 2.040000000000000000e+02 1.920000000000000000e+02 1.700000000000000000e+02 1.490000000000000000e+02 1.350000000000000000e+02 1.130000000000000000e+02 1.000000000000000000e+02 8.500000000000000000e+01 6.800000000000000000e+01
1.922000000000000000e+04 1.892800000000000000e+04 1.619000000000000000e+04 1.254900000000000000e+04 9.862000000000000000e+03 6.844000000000000000e+03 5.146000000000000000e+03 4.373000000000000000e+03 2.913000000000000000e+03 1.782000000000000000e+03 1.692000000000000000e+03 2.666000000000000000e+03 3.297000000000000000e+03 4.716000000000000000e+03 7.378000000000000000e+03 8.454000000000000000e+03 1.087300000000000000e+04 1.242700000000000000e+04 1.643500000000000000e+04 2.562400000000000000e+04
Best: 25.041025993332923
[ 31999.00140219  12174.00920053   6636.32025482]
0 pass:
2.702790070000000355e+01 2.602790070000000355e+01 2.502790070000000355e+01 2.402790070000000355e+01 2.302790070000000355e+01
3.900000000000000000e+01 6.800000000000000000e+01 2.100000000000000000e+02 5.900000000000000000e+01 0.000000000000000000e+00
1.571728000000000000e+06 2.415300000000000000e+04 2.207000000000000000e+03 5.176300000000000000e+04 0.000000000000000000e+00
1 pass:
2.602790070000000355e+01 2.592790070000000213e+01 2.582790070000000071e+01 2.572790069999999929e+01 2.562790069999999787e+01 2.552790069999999645e+01 2.542790069999999503e+01 2.532790069999999361e+01 2.522790069999999218e+01 2.512790069999999076e+01 2.502790069999998934e+01 2.492790069999998792e+01 2.482790069999998650e+01 2.472790069999998508e+01 2.462790069999998366e+01 2.452790069999998224e+01 2.442790069999998082e+01 2.432790069999997939e+01 2.422790069999997797e+01 2.412790069999997655e+01
6.900000000000000000e+01 7.000000000000000000e+01 7.700000000000000000e+01 9.700000000000000000e+01 1.190000000000000000e+02 1.400000000000000000e+02 1.620000000000000000e+02 1.820000000000000000e+02 2.030000000000000000e+02 2.150000000000000000e+02 2.170000000000000000e+02 2.060000000000000000e+02 1.970000000000000000e+02 1.710000000000000000e+02 1.550000000000000000e+02 1.340000000000000000e+02 1.180000000000000000e+02 1.040000000000000000e+02 8.900000000000000000e+01 7.100000000000000000e+01
2.433300000000000000e+04 1.908300000000000000e+04 1.896900000000000000e+04 1.413000000000000000e+04 1.116900000000000000e+04 7.771000000000000000e+03 6.053000000000000000e+03 4.426000000000000000e+03 3.022000000000000000e+03 2.304000000000000000e+03 2.183000000000000000e+03 2.730000000000000000e+03 3.361000000000000000e+03 4.736000000000000000e+03 6.513000000000000000e+03 8.491000000000000000e+03 1.081800000000000000e+04 1.230300000000000000e+04 1.637200000000000000e+04 1.943100000000000000e+04
Best: 25.049470947933514
[ 31999.00940161  12173.99529977   6636.40658905]
0 pass:
2.704822540000000686e+01 2.604822540000000686e+01 2.504822540000000686e+01 2.404822540000000686e+01 2.304822540000000686e+01
3.800000000000000000e+01 7.200000000000000000e+01 2.140000000000000000e+02 5.100000000000000000e+01 0.000000000000000000e+00
1.686172000000000000e+06 1.937100000000000000e+04 2.195000000000000000e+03 5.278400000000000000e+04 0.000000000000000000e+00
1 pass:
2.604822540000000686e+01 2.594822540000000544e+01 2.584822540000000402e+01 2.574822540000000259e+01 2.564822540000000117e+01 2.554822539999999975e+01 2.544822539999999833e+01 2.534822539999999691e+01 2.524822539999999549e+01 2.514822539999999407e+01 2.504822539999999265e+01 2.494822539999999123e+01 2.484822539999998980e+01 2.474822539999998838e+01 2.464822539999998696e+01 2.454822539999998554e+01 2.444822539999998412e+01 2.434822539999998270e+01 2.424822539999998128e+01 2.414822539999997986e+01
7.000000000000000000e+01 7.400000000000000000e+01 8.700000000000000000e+01 1.120000000000000000e+02 1.320000000000000000e+02 1.570000000000000000e+02 1.820000000000000000e+02 1.990000000000000000e+02 2.080000000000000000e+02 2.160000000000000000e+02 2.110000000000000000e+02 2.020000000000000000e+02 1.800000000000000000e+02 1.600000000000000000e+02 1.470000000000000000e+02 1.260000000000000000e+02 1.070000000000000000e+02 9.200000000000000000e+01 7.400000000000000000e+01 6.200000000000000000e+01
1.909200000000000000e+04 1.881700000000000000e+04 1.625400000000000000e+04 1.107300000000000000e+04 8.836000000000000000e+03 6.925000000000000000e+03 4.404000000000000000e+03 3.648000000000000000e+03 2.887000000000000000e+03 2.242000000000000000e+03 2.165000000000000000e+03 2.673000000000000000e+03 4.008000000000000000e+03 5.541000000000000000e+03 7.420000000000000000e+03 9.608000000000000000e+03 1.239200000000000000e+04 1.427300000000000000e+04 1.965200000000000000e+04 2.513800000000000000e+04
Best: 25.146778454662183
[ 31998.99107199  12174.00381418   6636.41847565]
0 pass:
2.714813995000000091e+01 2.614813995000000091e+01 2.514813995000000091e+01 2.414813995000000091e+01 2.314813995000000091e+01
3.900000000000000000e+01 6.400000000000000000e+01 2.120000000000000000e+02 6.100000000000000000e+01 0.000000000000000000e+00
1.536627000000000000e+06 2.451800000000000000e+04 2.213000000000000000e+03 2.540900000000000000e+04 0.000000000000000000e+00
1 pass:
2.614813995000000091e+01 2.604813994999999949e+01 2.594813994999999807e+01 2.584813994999999665e+01 2.574813994999999522e+01 2.564813994999999380e+01 2.554813994999999238e+01 2.544813994999999096e+01 2.534813994999998954e+01 2.524813994999998812e+01 2.514813994999998670e+01 2.504813994999998528e+01 2.494813994999998386e+01 2.484813994999998243e+01 2.474813994999998101e+01 2.464813994999997959e+01 2.454813994999997817e+01 2.444813994999997675e+01 2.434813994999997533e+01 2.424813994999997391e+01
6.600000000000000000e+01 7.100000000000000000e+01 7.400000000000000000e+01 9.900000000000000000e+01 1.130000000000000000e+02 1.370000000000000000e+02 1.600000000000000000e+02 1.780000000000000000e+02 1.980000000000000000e+02 2.110000000000000000e+02 2.180000000000000000e+02 2.080000000000000000e+02 1.940000000000000000e+02 1.780000000000000000e+02 1.570000000000000000e+02 1.400000000000000000e+02 1.230000000000000000e+02 1.070000000000000000e+02 8.900000000000000000e+01 7.700000000000000000e+01
2.420400000000000000e+04 1.921700000000000000e+04 1.873300000000000000e+04 1.433400000000000000e+04 1.118500000000000000e+04 8.731000000000000000e+03 6.049000000000000000e+03 5.227000000000000000e+03 3.679000000000000000e+03 2.320000000000000000e+03 2.171000000000000000e+03 2.724000000000000000e+03 3.346000000000000000e+03 4.727000000000000000e+03 6.541000000000000000e+03 7.446000000000000000e+03 9.625000000000000000e+03 1.243100000000000000e+04 1.638300000000000000e+04 1.968300000000000000e+04
Best: 25.15286774369627
[ 31999.00306158  12174.00025888   6636.53081085]
0 pass:
2.715323639000000355e+01 2.615323639000000355e+01 2.515323639000000355e+01 2.415323639000000355e+01 2.315323639000000355e+01
4.200000000000000000e+01 7.300000000000000000e+01 2.060000000000000000e+02 5.000000000000000000e+01 0.000000000000000000e+00
2.719860000000000000e+05 1.928800000000000000e+04 2.669000000000000000e+03 5.076600000000000000e+04 0.000000000000000000e+00
1 pass:
2.615323639000000355e+01 2.605323639000000213e+01 2.595323639000000071e+01 2.585323638999999929e+01 2.575323638999999787e+01 2.565323638999999645e+01 2.555323638999999503e+01 2.545323638999999361e+01 2.535323638999999218e+01 2.525323638999999076e+01 2.515323638999998934e+01 2.505323638999998792e+01 2.495323638999998650e+01 2.485323638999998508e+01 2.475323638999998366e+01 2.465323638999998224e+01 2.455323638999998082e+01 2.445323638999997939e+01 2.435323638999997797e+01 2.425323638999997655e+01
7.000000000000000000e+01 7.600000000000000000e+01 8.900000000000000000e+01 1.120000000000000000e+02 1.350000000000000000e+02 1.610000000000000000e+02 1.840000000000000000e+02 1.980000000000000000e+02 2.090000000000000000e+02 2.120000000000000000e+02 2.060000000000000000e+02 1.980000000000000000e+02 1.780000000000000000e+02 1.610000000000000000e+02 1.390000000000000000e+02 1.250000000000000000e+02 1.040000000000000000e+02 9.100000000000000000e+01 7.700000000000000000e+01 6.100000000000000000e+01
1.900600000000000000e+04 1.886800000000000000e+04 1.604800000000000000e+04 1.120200000000000000e+04 8.803000000000000000e+03 6.038000000000000000e+03 4.384000000000000000e+03 3.687000000000000000e+03 2.860000000000000000e+03 2.175000000000000000e+03 2.694000000000000000e+03 3.301000000000000000e+03 4.661000000000000000e+03 5.522000000000000000e+03 8.362000000000000000e+03 9.623000000000000000e+03 1.225600000000000000e+04 1.420600000000000000e+04 1.951200000000000000e+04 2.504200000000000000e+04
Best: 25.26436713204969
[ 31999.00007468  12174.00756021   6636.54845001]
0 pass:
2.726908111999999562e+01 2.626908111999999562e+01 2.526908111999999562e+01 2.426908111999999562e+01 2.326908111999999562e+01
3.900000000000000000e+01 6.500000000000000000e+01 2.130000000000000000e+02 6.400000000000000000e+01 0.000000000000000000e+00
1.455627000000000000e+06 2.427400000000000000e+04 2.202000000000000000e+03 2.545700000000000000e+04 0.000000000000000000e+00
1 pass:
2.626908111999999562e+01 2.616908111999999420e+01 2.606908111999999278e+01 2.596908111999999136e+01 2.586908111999998994e+01 2.576908111999998852e+01 2.566908111999998710e+01 2.556908111999998567e+01 2.546908111999998425e+01 2.536908111999998283e+01 2.526908111999998141e+01 2.516908111999997999e+01 2.506908111999997857e+01 2.496908111999997715e+01 2.486908111999997573e+01 2.476908111999997431e+01 2.466908111999997288e+01 2.456908111999997146e+01 2.446908111999997004e+01 2.436908111999996862e+01
6.500000000000000000e+01 6.900000000000000000e+01 7.400000000000000000e+01 9.000000000000000000e+01 1.080000000000000000e+02 1.340000000000000000e+02 1.560000000000000000e+02 1.800000000000000000e+02 1.970000000000000000e+02 2.050000000000000000e+02 2.180000000000000000e+02 2.070000000000000000e+02 1.980000000000000000e+02 1.790000000000000000e+02 1.580000000000000000e+02 1.410000000000000000e+02 1.250000000000000000e+02 1.060000000000000000e+02 9.300000000000000000e+01 7.500000000000000000e+01
2.464400000000000000e+04 2.471100000000000000e+04 1.910000000000000000e+04 1.430800000000000000e+04 1.261400000000000000e+04 8.808000000000000000e+03 6.922000000000000000e+03 4.440000000000000000e+03 3.672000000000000000e+03 2.927000000000000000e+03 2.213000000000000000e+03 2.674000000000000000e+03 3.261000000000000000e+03 4.776000000000000000e+03 6.400000000000000000e+03 7.359000000000000000e+03 9.547000000000000000e+03 1.229600000000000000e+04 1.406000000000000000e+04 1.956100000000000000e+04
Best: 25.26860188677301
